1993 1996 1 1992 1995 28
1993 1996 3 1992 1995 62
1993 1996 5 1992 1995 73
1993 1996 8 1992 1995 63
1993 1996 9 1992 1995 18
1993 1996 10 1992 1995 6
1993 1996 12 1992 1995 74
1993 1996 14 1992 1995 1
1993 1996 15 1992 1995 23
1993 1996 16 1992 1995 38
1993 1996 17 1992 1995 0
1993 1996 18 1992 1995 26
1993 1996 22 1992 1995 19
1993 1996 23 1992 1995 49
1993 1996 31 1992 1995 22
1993 1996 33 1992 1995 69
1993 1996 35 1992 1995 25
1993 1996 37 1992 1995 61
1993 1996 39 1992 1995 47
1993 1996 45 1992 1995 68
1993 1996 46 1992 1995 21
1993 1996 50 1992 1995 59 60
1993 1996 52 1992 1995 66
1993 1996 54 1992 1995 31
1993 1996 55 1992 1995 41
1993 1996 56 1992 1995 33
1993 1996 61 1992 1995 42
1993 1996 62 1992 1995 3
1993 1996 63 1992 1995 65
1993 1996 64 1992 1995 70
1993 1996 68 1992 1995 35
1993 1996 70 1992 1995 56
1993 1996 71 1992 1995 53
1993 1996 72 1992 1995 66
1994 1997 2 1993 1996 5
1994 1997 6 1993 1996 60
1994 1997 8 1993 1996 4
1994 1997 9 1993 1996 0
1994 1997 10 1993 1996 44
1994 1997 15 1993 1996 25
1994 1997 17 1993 1996 27
1994 1997 18 1993 1996 33
1994 1997 19 1993 1996 3 37
1994 1997 23 1993 1996 21
1994 1997 24 1993 1996 43
1994 1997 26 1993 1996 41
1994 1997 29 1993 1996 49
1994 1997 31 1993 1996 52
1994 1997 34 1993 1996 38
1994 1997 35 1993 1996 55
1994 1997 37 1993 1996 65
1994 1997 38 1993 1996 32
1994 1997 39 1993 1996 9
1994 1997 41 1993 1996 67
1994 1997 42 1993 1996 56
1994 1997 44 1993 1996 51
1994 1997 47 1993 1996 6
1995 1998 0 1994 1997 15
1995 1998 1 1994 1997 15
1995 1998 2 1994 1997 7
1995 1998 6 1994 1997 30
1995 1998 8 1994 1997 28
1995 1998 10 1994 1997 36
1995 1998 11 1994 1997 0
1995 1998 12 1994 1997 26
1995 1998 13 1994 1997 21
1995 1998 14 1994 1997 37
1995 1998 15 1994 1997 3
1995 1998 17 1994 1997 16
1995 1998 18 1994 1997 44 48
1995 1998 19 1994 1997 17
1995 1998 21 1994 1997 20
1995 1998 22 1994 1997 31
1995 1998 23 1994 1997 2
1995 1998 26 1994 1997 45
1995 1998 29 1994 1997 4
1995 1998 30 1994 1997 5
1995 1998 31 1994 1997 34
1995 1998 32 1994 1997 48
1996 1999 7 1995 1998 2
1996 1999 11 1995 1998 31
1996 1999 13 1995 1998 18
1996 1999 17 1995 1998 14
1996 1999 18 1995 1998 13
1996 1999 22 1995 1998 29
1996 1999 24 1995 1998 29
1997 2000 0 1996 1999 21
1997 2000 1 1996 1999 18
1997 2000 2 1996 1999 4
1997 2000 3 1996 1999 14
1997 2000 6 1996 1999 18
1997 2000 7 1996 1999 20
1997 2000 8 1996 1999 19
1997 2000 9 1996 1999 19
1997 2000 10 1996 1999 24
1997 2000 11 1996 1999 0
1997 2000 12 1996 1999 1 16
1997 2000 15 1996 1999 7
1997 2000 16 1996 1999 3
1997 2000 21 1996 1999 9
1997 2000 22 1996 1999 11
1997 2000 24 1996 1999 10
1998 2001 0 1997 2000 0
1998 2001 1 1997 2000 11
1998 2001 6 1997 2000 16
1998 2001 7 1997 2000 15
1998 2001 8 1997 2000 17
1998 2001 10 1997 2000 24
1998 2001 11 1997 2000 19
1998 2001 13 1997 2000 12
1998 2001 15 1997 2000 22
1998 2001 16 1997 2000 6
1998 2001 17 1997 2000 20
1998 2001 22 1997 2000 4 7
1998 2001 26 1997 2000 2
1998 2001 27 1997 2000 3
1999 2002 0 1998 2001 0
1999 2002 1 1998 2001 0
1999 2002 2 1998 2001 0
1999 2002 3 1998 2001 16
1999 2002 6 1998 2001 3
1999 2002 7 1998 2001 22
1999 2002 8 1998 2001 26
1999 2002 10 1998 2001 15
1999 2002 11 1998 2001 26
1999 2002 14 1998 2001 29
1999 2002 16 1998 2001 5
1999 2002 18 1998 2001 1
1999 2002 19 1998 2001 9
1999 2002 20 1998 2001 28
1999 2002 21 1998 2001 4
1999 2002 22 1998 2001 11 14
1999 2002 26 1998 2001 10
1999 2002 27 1998 2001 11
1999 2002 28 1998 2001 17
2000 2003 0 1999 2002 1 2
2000 2003 1 1999 2002 4 11
2000 2003 2 1999 2002 3 11
2000 2003 3 1999 2002 30
2000 2003 4 1999 2002 7
2000 2003 7 1999 2002 3
2000 2003 8 1999 2002 13
2000 2003 9 1999 2002 13
2000 2003 10 1999 2002 10
2000 2003 11 1999 2002 0
2000 2003 12 1999 2002 9
2000 2003 13 1999 2002 9 12
2000 2003 14 1999 2002 22
2000 2003 15 1999 2002 16
2000 2003 19 1999 2002 21
2000 2003 22 1999 2002 5
2000 2003 25 1999 2002 31
2000 2003 29 1999 2002 19
2000 2003 31 1999 2002 18
2001 2004 0 2000 2003 25 29
2001 2004 4 2000 2003 16
2001 2004 9 2000 2003 14
2001 2004 11 2000 2003 17
2001 2004 12 2000 2003 15
2001 2004 13 2000 2003 20
2001 2004 14 2000 2003 30
2001 2004 17 2000 2003 25
2001 2004 18 2000 2003 1 3
2001 2004 19 2000 2003 9
2001 2004 20 2000 2003 2 7
2001 2004 21 2000 2003 9 28
2001 2004 22 2000 2003 10
2001 2004 23 2000 2003 31
2001 2004 24 2000 2003 31
2001 2004 26 2000 2003 8
2001 2004 27 2000 2003 12
2001 2004 28 2000 2003 5
2001 2004 30 2000 2003 23
2001 2004 33 2000 2003 12
2001 2004 34 2000 2003 13
2001 2004 35 2000 2003 0
2001 2004 36 2000 2003 0
2001 2004 37 2000 2003 11
2002 2005 1 2001 2004 35 37
2002 2005 2 2001 2004 36
2002 2005 3 2001 2004 21 26
2002 2005 4 2001 2004 21
2002 2005 7 2001 2004 36
2002 2005 8 2001 2004 37
2002 2005 9 2001 2004 2
2002 2005 10 2001 2004 3 12
2002 2005 23 2001 2004 7
2002 2005 27 2001 2004 15
2002 2005 28 2001 2004 10
2002 2005 32 2001 2004 9
2002 2005 33 2001 2004 16
2002 2005 34 2001 2004 25 34
2002 2005 35 2001 2004 27
2002 2005 37 2001 2004 30
2002 2005 40 2001 2004 23 24
2002 2005 41 2001 2004 29
2002 2005 43 2001 2004 17
2003 2006 1 2002 2005 29
2003 2006 3 2002 2005 31
2003 2006 6 2002 2005 30
2003 2006 8 2002 2005 31 32
2003 2006 9 2002 2005 33
2003 2006 13 2002 2005 38
2003 2006 14 2002 2005 34
2003 2006 16 2002 2005 40
2003 2006 19 2002 2005 35
2003 2006 20 2002 2005 42
2003 2006 21 2002 2005 43
2003 2006 22 2002 2005 10 12
2003 2006 23 2002 2005 15
2003 2006 26 2002 2005 9
2003 2006 29 2002 2005 18
2003 2006 30 2002 2005 23 24
2003 2006 33 2002 2005 22
2003 2006 36 2002 2005 22
2003 2006 37 2002 2005 19
2003 2006 43 2002 2005 21
2003 2006 44 2002 2005 7
2003 2006 45 2002 2005 2
2003 2006 47 2002 2005 7
2003 2006 48 2002 2005 1
2003 2006 49 2002 2005 1
2003 2006 50 2002 2005 0
2003 2006 51 2002 2005 8
2003 2006 52 2002 2005 37
2003 2006 53 2002 2005 3
2003 2006 55 2002 2005 3 41
2003 2006 56 2002 2005 5
2003 2006 57 2002 2005 4
2003 2006 58 2002 2005 34
2003 2006 60 2002 2005 4 41
2004 2007 0 2003 2006 30
2004 2007 2 2003 2006 25
2004 2007 3 2003 2006 41
2004 2007 7 2003 2006 3
2004 2007 10 2003 2006 32
2004 2007 11 2003 2006 29
2004 2007 12 2003 2006 9
2004 2007 19 2003 2006 9
2004 2007 21 2003 2006 5 39
2004 2007 23 2003 2006 21
2004 2007 24 2003 2006 48 49
2004 2007 25 2003 2006 16
2004 2007 26 2003 2006 53
2004 2007 27 2003 2006 5 15
2004 2007 28 2003 2006 56
2004 2007 29 2003 2006 13
2004 2007 30 2003 2006 1 8
2004 2007 31 2003 2006 58
2004 2007 32 2003 2006 53
2004 2007 33 2003 2006 6
2004 2007 35 2003 2006 6
2004 2007 36 2003 2006 7 17
2004 2007 37 2003 2006 7 17
2004 2007 38 2003 2006 13
2004 2007 40 2003 2006 52
2004 2007 41 2003 2006 52 53
2004 2007 42 2003 2006 55
2004 2007 43 2003 2006 55 60
2004 2007 45 2003 2006 55 60
2004 2007 47 2003 2006 0
2004 2007 48 2003 2006 50
2004 2007 49 2003 2006 50
2004 2007 50 2003 2006 45
2004 2007 53 2003 2006 27
2004 2007 56 2003 2006 28
2004 2007 60 2003 2006 24
2004 2007 64 2003 2006 35
2004 2007 65 2003 2006 38
2004 2007 66 2003 2006 23
2004 2007 67 2003 2006 33 36
2004 2007 73 2003 2006 59
2004 2007 74 2003 2006 46
2005 2008 1 2004 2007 52
2005 2008 3 2004 2007 55
2005 2008 7 2004 2007 60
2005 2008 8 2004 2007 63
2005 2008 12 2004 2007 64
2005 2008 15 2004 2007 50
2005 2008 16 2004 2007 73
2005 2008 17 2004 2007 28
2005 2008 19 2004 2007 34
2005 2008 20 2004 2007 44
2005 2008 21 2004 2007 30
2005 2008 22 2004 2007 47
2005 2008 23 2004 2007 10 27
2005 2008 25 2004 2007 32
2005 2008 26 2004 2007 41
2005 2008 27 2004 2007 25
2005 2008 29 2004 2007 42 45
2005 2008 30 2004 2007 48
2005 2008 31 2004 2007 49
2005 2008 32 2004 2007 48
2005 2008 33 2004 2007 40
2005 2008 34 2004 2007 12
2005 2008 35 2004 2007 29
2005 2008 37 2004 2007 31
2005 2008 39 2004 2007 35 36
2005 2008 41 2004 2007 40
2005 2008 42 2004 2007 44
2005 2008 43 2004 2007 3
2005 2008 44 2004 2007 33
2005 2008 45 2004 2007 12
2005 2008 46 2004 2007 16
2005 2008 47 2004 2007 1
2005 2008 49 2004 2007 9 51
2005 2008 50 2004 2007 11
2005 2008 52 2004 2007 14
2005 2008 53 2004 2007 3
2005 2008 55 2004 2007 19
2005 2008 57 2004 2007 72
2005 2008 58 2004 2007 67
2005 2008 60 2004 2007 65
2005 2008 66 2004 2007 8
2005 2008 67 2004 2007 67
2005 2008 71 2004 2007 66
2005 2008 73 2004 2007 65
2006 2009 0 2005 2008 5
2006 2009 1 2005 2008 0
2006 2009 3 2005 2008 10
2006 2009 4 2005 2008 4
2006 2009 5 2005 2008 3
2006 2009 7 2005 2008 11
2006 2009 8 2005 2008 14
2006 2009 12 2005 2008 12
2006 2009 13 2005 2008 57 59
2006 2009 14 2005 2008 13
2006 2009 21 2005 2008 60
2006 2009 22 2005 2008 51
2006 2009 23 2005 2008 53
2006 2009 27 2005 2008 73
2006 2009 29 2005 2008 38
2006 2009 31 2005 2008 73
2006 2009 32 2005 2008 49
2006 2009 35 2005 2008 71
2006 2009 36 2005 2008 55
2006 2009 37 2005 2008 52
2006 2009 39 2005 2008 64
2006 2009 40 2005 2008 20 35
2006 2009 42 2005 2008 50
2006 2009 43 2005 2008 9
2006 2009 44 2005 2008 58 67
2006 2009 45 2005 2008 67
2006 2009 46 2005 2008 32
2006 2009 51 2005 2008 76
2006 2009 52 2005 2008 19
2006 2009 53 2005 2008 31
2006 2009 54 2005 2008 30
2006 2009 55 2005 2008 23
2006 2009 56 2005 2008 17
2006 2009 57 2005 2008 17
2006 2009 58 2005 2008 25 29
2006 2009 59 2005 2008 30
2006 2009 61 2005 2008 39
2006 2009 62 2005 2008 39
2006 2009 64 2005 2008 37 62
2006 2009 65 2005 2008 70
2006 2009 66 2005 2008 15 61
2006 2009 67 2005 2008 39 43
2006 2009 68 2005 2008 34 45
2006 2009 69 2005 2008 46
2006 2009 70 2005 2008 38
2006 2009 71 2005 2008 22
2006 2009 72 2005 2008 19
2006 2009 73 2005 2008 33
2006 2009 75 2005 2008 29
2006 2009 76 2005 2008 34
2006 2009 80 2005 2008 24 28
2006 2009 82 2005 2008 21
2006 2009 83 2005 2008 18
2006 2009 84 2005 2008 21
2006 2009 85 2005 2008 21
