Years;Cluster Id;Cluster generic legend;Cluster specific legend;Terms id;Pseudo-Inclusion;Cluster Size;Density;Number of fathers;Number of sons
1992 1995;0;899;1073;1016 1073 1129 1130 1132 1200 562 680 711 899;0;0;0;0;1
1992 1995;1;9;46;46 562 680 9 573 693 275;0;0;0;0;1
1992 1995;2;682;472;956 1166 472 682 864 917 840 233 554;0;0;0;0;0
1992 1995;3;843;782;1030 946 1109 1119 1200 1322 782 843 1083 1194;0;0;0;0;1
1992 1995;4;1118;1125;1209 1125 1118 1135 1364;0;0;0;0;0
1992 1995;5;807;640;1234 1132 218 640 807 1148 917 840;0;0;0;0;0
1992 1995;6;62;117;62 117 240 133 221;0;0;0;0;1
1992 1995;7;430;420;430 605 963 506 905 986 341 394 420 604 451;0;0;0;0;0
1992 1995;8;47;79;231 47 79 347 214;0;0;0;0;0
1992 1995;9;722;880;100 722 880 885 954;0;0;0;0;0
1992 1995;10;767;377;1145 377 501 767 1238;0;0;0;0;0
1992 1995;11;1107;977;1285 1107 1198 345 402 977;0;0;0;0;0
1992 1995;12;409;975;1072 409 771 800 975 1114;0;0;0;0;0
1992 1995;13;1249;1296;172 1081 1249 1296 1426 1453;0;0;0;0;0
1992 1995;14;1367;1521;1094 1356 1367 1521 1537 1568;0;0;0;0;0
1992 1995;15;1399;1289;1239 1426 1289 1408 1422 1399 1473;0;0;0;0;0
1992 1995;16;1117;421;421 948 1117 1128 1214;0;0;0;0;0
1992 1995;17;1126;1381;1303 1155 1126 1381 1454 1469 1492 321 375;0;0;0;0;0
1992 1995;18;994;910;1252 1131 1362 1221 1348 412 823 881 910 994 1196 1197 1329 906;0;0;0;0;1
1992 1995;19;131;401;1017 131 37 401 905 914 448 137 509 600 621 631 704;0;0;0;0;1
1992 1995;20;51;192;305 192 15 51 145 456;0;0;0;0;0
1992 1995;21;259;439;630 905 670 709 579 794 365 550 259 439 482 674 723;0;0;0;0;1
1992 1995;22;38;671;671 774 38 688 744 853 588 743 921;0;0;0;0;1
1992 1995;23;1001;980;1001 1056 1079 622 980;0;0;0;0;1
1992 1995;24;735;650;1109 103 650 706 735 757 797 1043 1092 835;0;0;0;0;0
1992 1995;25;471;830;1072 1252 471 647 830;0;0;0;0;1
1992 1995;26;310;646;1130 1280 1087 1147 1394 1440 1467 310 646 908 110 276 370 533 575;0;0;0;0;1
1992 1995;27;1405;1259;1259 1258 1474 1416 1263 1405 774;0;0;0;0;0
1992 1995;28;1282;1316;1396 900 934 1534 1282 1283 1316 1421 1424 1437;0;0;0;0;1
1992 1995;29;1284;1290;1291 1307 1339 1284 1290 860 898;0;0;0;0;0
1992 1995;30;135;13;305 140 313 311 278 346 13 135 136 332 40;0;0;0;0;0
1992 1995;31;613;208;613 802 714 829 587 861 208 414 906;0;0;0;0;1
1992 1995;32;473;324;581 16 324 473 550 688;0;0;0;0;0
1992 1995;33;331;426;1024 331 426 773 898 163 224 419 436 760 861;0;0;0;0;1
1992 1995;34;164;225;490 509 164 225 500;0;0;0;0;0
1992 1995;35;20;185;573 276 370 835 20 185 380 446 461 744;0;0;0;0;1
1992 1995;36;521;687;687 688 500 177 521;0;0;0;0;0
1992 1995;37;597;568;597 877 905 621 551 790 753 568;0;0;0;0;0
1992 1995;38;690;655;1011 1019 1080 1226 1278 1279 1303 1382 406 655 690 882 762;0;0;0;0;1
1992 1995;39;440;364;630 495 595 623 364 440 507;0;0;0;0;0
1992 1995;40;268;263;728 711 757 506 581 263 268 36;0;0;0;0;0
1992 1995;41;94;12;413 678 210 12 159 180 278 714 94;0;0;0;0;1
1992 1995;42;755;673;1003 1030 673 755 946 944 906 522 954;0;0;0;0;1
1992 1995;43;1057;1039;1075 1039 1057 1155 1258 351 963 991;0;0;0;0;0
1992 1995;44;625;393;706 757 625 59 777 393;0;0;0;0;0
1992 1995;45;1105;373;1127 1175 1105 1133 1221 1427 1462 212 373;0;0;0;0;0
1992 1995;46;660;112;112 660 877 900 905;0;0;0;0;0
1992 1995;47;973;524;1075 1109 1269 1423 797 524 84 973 1408 1364 905 1179 1193 1432;0;0;0;0;1
1992 1995;48;825;602;734 825 905 950 957 602;0;0;0;0;0
1992 1995;49;548;537;1131 681 552 581 651 931 940 138 537 548;0;0;0;0;1
1992 1995;50;546;491;546 793 881 491 907;0;0;0;0;0
1992 1995;51;17;499;17 499 122 490 599 615;0;0;0;0;0
1992 1995;52;934;900;1198 112 900 934 956;0;0;0;0;0
1992 1995;53;17;249;17 237 370 122 249 346;0;0;0;0;1
1992 1995;54;167;181;181 462 369 579 167 177 211;0;0;0;0;0
1992 1995;55;90;380;896 90 533 835 567 380 749 56;0;0;0;0;0
1992 1995;56;841;769;1030 1131 769 841 964 1261 1055 1114 940;0;0;0;0;1
1992 1995;57;90;56;90 237 313 370 56;0;0;0;0;0
1992 1995;58;545;838;838 930 1131 545 74;0;0;0;0;0
1992 1995;59;865;903;1127 1150 1024 1219 195 270 487 865 903 1060 1115 699 966;0;0;0;0;1
1992 1995;60;270;195;195 270 487 329 575 714 238 555 693 699;0;0;0;0;1
1992 1995;61;1358;817;752 817 998 1094 1356 1358;0;0;0;0;1
1992 1995;62;557;578;1234 1003 374 557 578 752 817 838 850 930 998 1252 1200 1034 1094 917 693 301 284;0;0;0;0;1
1992 1995;63;78;576;599 576 300 458 78 510 525;0;0;0;0;1
1992 1995;64;1461;1271;903 1115 1271 1461 1531;0;0;0;0;0
1992 1995;65;8;307;305 311 54 8 307 202 288;0;0;0;0;1
1992 1995;66;658;845;1322 1354 1423 1307 1036 1163 117 1190 1261 240 465 658 845 1440 917;0;0;0;0;2
1992 1995;67;608;789;1056 622 608 725 789 937 704 78 525;0;0;0;0;0
1992 1995;68;108;25;305 210 469 108 156 191 242 25 285 311 329 347 445 462 506 86;0;0;0;0;1
1992 1995;69;522;673;673 703 445 726 609 699 522 595;0;0;0;0;1
1992 1995;70;444;609;140 444 703 726 609;0;0;0;0;1
1992 1995;71;571;617;617 659 703 338 582 202 288 571 623;0;0;0;0;0
1992 1995;72;242;495;242 329 445 495 595;0;0;0;0;0
1992 1995;73;453;410;1131 1200 1127 1186 1219 757 1092 1077 1082 1206 1239 410 453 476 552 27 688 907 777;0;0;0;0;1
1992 1995;74;338;288;533 54 338 202 288;0;0;0;0;1
1993 1996;0;169;80;169 80 523 569 840;0;0;0;0;1
1993 1996;1;1282;1283;1316 900 934 1282 1283;0;0;0;1;0
1993 1996;2;472;218;651 650 218 293 472 757;0;0;0;0;0
1993 1996;3;557;578;1234 1003 1034 1200 557 578 752 998 930 850 1094 838 917 817 693 284 301 374;0;0;0;1;1
1993 1996;4;476;453;410 453 476 688 552;0;0;0;0;1
1993 1996;5;1082;1077;1127 1219 1131 1186 1092 1077 1082 410 453;0;0;0;1;1
1993 1996;6;376;363;905 376 658 793 930 838 917 363 777;0;0;0;0;1
1993 1996;7;41;298;311 35 41 298 314;0;0;0;0;0
1993 1996;8;300;78;599 78 300 510 525 576;0;0;0;1;0
1993 1996;9;994;823;1252 1131 1348 1362 1221 412 823 881 910 994 1196 1197 906;0;0;0;1;1
1993 1996;10;133;240;370 117 133 240 286 303 62;0;0;0;1;0
1993 1996;11;478;194;194 506 678 81 478;0;0;0;0;0
1993 1996;12;202;288;533 484 509 338 457 202 288 391;0;0;0;1;0
1993 1996;13;629;269;769 714 653 82 269 539 629;0;0;0;0;0
1993 1996;14;46;275;46 680 347 9 533 362 621 529 616 693 573 211 711 757 275 388 540 562;0;0;0;1;0
1993 1996;15;980;1001;1001 1056 1079 622 980;0;0;0;1;0
1993 1996;16;1011;690;1278 1011 1019 1080 1226 1279 1303 655 690;0;0;0;1;0
1993 1996;17;1016;899;1234 1200 1072 1016 1073 1129 1130 1132 680 899;0;0;0;1;0
1993 1996;18;1087;646;1130 1280 1087 1147 1394 1440 1467 646 908 110;0;0;0;1;0
1993 1996;19;1066;727;727 1150 1127 1064 1066;0;0;0;0;0
1993 1996;20;1102;1143;765 1252 1362 1102 1143 1240;0;0;0;0;0
1993 1996;21;701;721;1354 930 1287 838 1349 1428 1417 585 701 721 777;0;0;0;0;1
1993 1996;22;401;131;131 401 448 905 631 704;0;0;0;1;0
1993 1996;23;548;138;651 581 138 537 548 552;0;0;0;1;0
1993 1996;24;141;30;266 141 30 533 166 203;0;0;0;0;0
1993 1996;25;66;63;144 1132 703 66 179 611 63 73 359;0;0;0;0;1
1993 1996;26;344;306;370 1167 306 344 839 829 354 901 297 682 949;0;0;0;0;0
1993 1996;27;348;378;660 567 577 808 227 255 328 348 378 450 730 516;0;0;0;0;1
1993 1996;28;742;751;1127 230 742 763 777 751;0;0;0;0;0
1993 1996;29;541;49;686 422 49 603 706 757 268 342 541 549 642;0;0;0;0;0
1993 1996;30;811;290;881 811 891 290 768 853 912;0;0;0;0;0
1993 1996;31;38;671;688 671 38 774 744 853 588 743;0;0;0;1;0
1993 1996;32;424;41;504 785 660 688 41 593 675 542 328 424 530 298 771;0;0;0;0;1
1993 1996;33;522;673;673 703 726 609 699 610 522;0;0;0;1;1
1993 1996;34;1028;889;1109 1028 1032 1185 1236 889;0;0;0;0;0
1993 1996;35;1072;647;1072 1252 471 647 692 830;0;0;0;1;0
1993 1996;36;98;109;370 144 109 145 265 310 65 98;0;0;0;0;0
1993 1996;37;1358;1356;752 1362 1094 1356 1358;0;0;0;1;1
1993 1996;38;87;492;1121 1030 103 351 448 87 905 492 607 785 1096 914 808 790 653;0;0;0;0;1
1993 1996;39;524;84;1075 1109 905 524 84 973 1408 797 1364 1179 1193 1269 777;0;0;0;1;0
1993 1996;40;832;874;874 917 986 832 639;0;0;0;0;0
1993 1996;41;563;353;728 785 910 1205 1385 353 563 591 817 139 740 775;0;0;0;0;1
1993 1996;42;385;327;469 726 142 327 385 461;0;0;0;0;0
1993 1996;43;355;160;551 567 160 355 790;0;0;0;0;1
1993 1996;44;24;624;905 624 826 788 688 24 5 326 744 262 339 628 657;0;0;0;0;1
1993 1996;45;242;285;305 469 108 242 285 311 329 347 506 462 445;0;0;0;1;0
1993 1996;46;670;723;709 905 670 550 259 482 674 723 794;0;0;0;1;0
1993 1996;47;387;477;387 905 506 688 845 420 907 912 477 812 822;0;0;0;0;0
1993 1996;48;649;256;1 256 649 709 829;0;0;0;0;0
1993 1996;49;828;824;1075 1014 1163 732 824 828 968 985 538 1233 817 431 921 776 944;0;0;0;0;1
1993 1996;50;487;195;1150 1060 1024 1219 195 487 865 785 329 1115 903 714 555 699;0;0;0;2;0
1993 1996;51;531;749;718 964 204 637 726 829 568 614 753 274 531 677 749 653 55 493 605;0;0;0;0;1
1993 1996;52;1190;1112;1200 1163 1322 1354 1285 658 1036 117 1190 1046 1112 1162 1206;0;0;0;1;1
1993 1996;53;1093;1118;1131 969 1261 1093 1118;0;0;0;0;0
1993 1996;54;613;802;613 802 829 861 414;0;0;0;1;0
1993 1996;55;12;94;210 94 12 159 180 278 413 678 714;0;0;0;1;1
1993 1996;56;224;163;426 419 163 224 331 436;0;0;0;1;1
1993 1996;57;622;576;622 688 459 907 525 576 895;0;0;0;0;0
1993 1996;58;269;82;313 533 32 312 82 269;0;0;0;0;0
1993 1996;59;261;158;370 313 9 286 158 261;0;0;0;0;0
1993 1996;60;583;431;538 688 599 431 583;0;0;0;0;1
1993 1996;61;755;673;1003 1030 673 755 946 954 906 522 944;0;0;0;1;0
1993 1996;62;843;782;1030 1109 782 843 946;0;0;0;1;0
1993 1996;63;18;54;305 178 311 18 31 54;0;0;0;1;0
1993 1996;64;444;140;140 444 703 726 609;0;0;0;1;0
1993 1996;65;335;150;370 335 310 150 426 551 567 568 593 614 675 774 790;0;0;0;0;1
1993 1996;66;584;392;785 584 405 714 757 392;0;0;0;0;0
1993 1996;67;667;913;1226 930 1198 838 147 667 913;0;0;0;0;1
1993 1996;68;380;446;380 835 461 20 446 573 744;0;0;0;1;0
1993 1996;69;61;253;61 551 808 790 253 602;0;0;0;0;0
1993 1996;70;964;705;1030 1131 194 512 705 707 769 841 964 969 398 81 829;0;0;0;1;0
1993 1996;71;17;122;370 17 237 490 122;0;0;0;1;0
1993 1996;72;240;658;658 117 240 845 917;0;0;0;1;0
1994 1997;0;380;260;629 599 581 835 521 336 260 380 544 580 627;0;0;0;0;1
1994 1997;1;393;455;695 455 703 393 625;0;0;0;0;0
1994 1997;2;1082;1077;1131 1200 1127 1219 1077 1082 1092 1186 410 453 476;0;0;0;1;1
1994 1997;3;174;372;174 599 688 356 500 372;0;0;0;0;1
1994 1997;4;196;230;513 599 688 117 240 246 36 567 196 230 477;0;0;0;0;1
1994 1997;5;594;489;594 599 714 757 688 687 95 392 489;0;0;0;0;1
1994 1997;6;538;583;599 688 538 431 583;0;0;0;1;0
1994 1997;7;659;843;659 843 877 905 640 917 998 759 907 502;0;0;0;0;1
1994 1997;8;486;453;410 453 476 688 486;0;0;0;1;0
1994 1997;9;169;80;746 313 506 80 169 218 430 440 483 523 840;0;0;0;1;0
1994 1997;10;24;5;905 826 688 24 5 326 788 262 339 624 628 657 744;0;0;0;1;0
1994 1997;11;1008;1194;1008 1194 1198 1307 750;0;0;0;0;0
1994 1997;12;267;982;1127 1055 267 977 982;0;0;0;0;0
1994 1997;13;485;423;1028 1059 423 485 722;0;0;0;0;0
1994 1997;14;310;370;370 310 135 150 171;0;0;0;0;0
1994 1997;15;63;66;144 178 179 611 63 66 73 88 359 703;0;0;0;1;2
1994 1997;16;199;256;688 199 356 256 751;0;0;0;0;1
1994 1997;17;577;378;559 106 269 328 378 577 660 727 785 808 833 348 450 730;0;0;0;1;1
1994 1997;18;609;673;755 906 703 726 522 610 699 609 673 944;0;0;0;1;0
1994 1997;19;752;557;1003 557 752 850 1200 1234 930 1034 1094 1356 1358 838 917 998 817 578;0;0;0;2;0
1994 1997;20;140;285;579 259 313 140 285;0;0;0;0;1
1994 1997;21;1128;1105;1150 1130 948 1105 1128 1214;0;0;0;0;1
1994 1997;22;571;862;1131 872 571 877 862;0;0;0;0;0
1994 1997;23;1287;701;1354 1349 1287 1417 585 701;0;0;0;1;0
1994 1997;24;160;357;551 567 160 206 357 514;0;0;0;1;0
1994 1997;25;195;65;304 311 65 195 223 301;0;0;0;0;0
1994 1997;26;563;353;785 353 563 817 591 728 740 775;0;0;0;1;1
1994 1997;27;796;1020;796 1020 663 962 698;0;0;0;0;0
1994 1997;28;841;987;1130 1017 513 841 987 1351 1423 896 936 1292 1322;0;0;0;0;1
1994 1997;29;824;828;824 985 921 968 732 944 828;0;0;0;1;0
1994 1997;30;1041;1069;1150 1351 1041 1048 1069 417;0;0;0;0;1
1994 1997;31;1112;1046;1200 658 1046 1112 1146 1162 1163 1190 1354;0;0;0;1;1
1994 1997;32;805;839;1061 805 839 979 1167;0;0;0;0;0
1994 1997;33;192;173;114 173 192 278 311 65;0;0;0;0;0
1994 1997;34;653;492;607 785 653 905 402 790 209 492 808 345 351;0;0;0;1;1
1994 1997;35;210;180;210 159 94 12 180 146;0;0;0;1;0
1994 1997;36;1434;1460;1525 1489 1460 1514 1432 1434 1490;0;0;0;0;1
1994 1997;37;335;426;335 150 426 551 567 568 593 614 675 790 774;0;0;0;1;1
1994 1997;38;424;530;471 660 785 688 567 593 675 298 424 530;0;0;0;1;0
1994 1997;39;994;1252;1131 1252 1221 881 910 994 1196 1197;0;0;0;1;0
1994 1997;40;84;317;579 370 84 281 317;0;0;0;0;0
1994 1997;41;667;147;1198 930 838 147 667 913;0;0;0;1;0
1994 1997;42;224;163;426 163 224 331 436 760;0;0;0;1;0
1994 1997;43;602;497;905 497 860 602 723;0;0;0;0;0
1994 1997;44;274;204;204 274 749 964 568 614 753 531 637 677 829 55;0;0;0;1;1
1994 1997;45;111;475;1150 1109 1130 992 1117 533 499 634 925 961 111 139 475 581 757;0;0;0;0;1
1994 1997;46;772;641;1072 641 772 886 905 964 829 788;0;0;0;0;0
1994 1997;47;838;658;1030 1131 658 930 545 838 917;0;0;0;1;0
1994 1997;48;553;680;749 688 637 680 553;0;0;0;0;2
1995 1998;0;73;144;144 88 63 66 73;0;0;0;1;0
1995 1998;1;179;611;179 611 63 66 703;0;0;0;1;0
1995 1998;2;759;502;1131 759 877 905 640 917 907 502 659 843;0;0;0;1;1
1995 1998;3;719;924;1130 719 924 953 1081;0;0;0;0;0
1995 1998;4;315;333;440 64 226 315 333;0;0;0;0;0
1995 1998;5;399;244;244 399 48 425 554 683 699;0;0;0;0;0
1995 1998;6;1041;1069;1150 1041 1048 1069 1351 417;0;0;0;1;0
1995 1998;7;1096;1299;1121 351 1299 1096 1202;0;0;0;0;0
1995 1998;8;841;936;1130 1017 513 841 533 230 896 936 987;0;0;0;1;0
1995 1998;9;520;118;599 623 118 463 520;0;0;0;0;0
1995 1998;10;1434;1460;1460 1489 1514 1432 1434 1555;0;0;0;1;0
1995 1998;11;380;580;380 174 521 581 629 866 599 835 627 336 356 544 260 580;0;0;0;1;0
1995 1998;12;353;591;785 910 353 591 728 775;0;0;0;1;0
1995 1998;13;1105;1128;1150 948 1130 380 1105 1128;0;0;0;1;1
1995 1998;14;551;207;335 633 660 905 739 567 790 207 426 551 833 511;0;0;0;1;1
1995 1998;15;372;500;174 599 688 500 372;0;0;0;1;0
1995 1998;16;298;365;370 785 289 298 365;0;0;0;0;0
1995 1998;17;199;256;688 199 356 256 751;0;0;0;1;0
1995 1998;18;274;531;4 204 749 688 465 567 753 274 531 637 342 530 331;0;0;0;2;1
1995 1998;19;577;348;660 833 378 348 450 577 559;0;0;0;1;0
1995 1998;20;330;358;1006 1030 330 358 695 550 845 905 794;0;0;0;0;0
1995 1998;21;285;259;370 259 579 313 140 285;0;0;0;1;0
1995 1998;22;1112;1162;1200 1046 1112 1162 1163 1190;0;0;0;1;0
1995 1998;23;1082;1092;1127 1131 1200 453 1082 1092 1186;0;0;0;1;0
1995 1998;24;96;232;370 506 280 96 232;0;0;0;0;0
1995 1998;25;1122;978;1122 1150 633 978 1093;0;0;0;0;0
1995 1998;26;499;475;1130 475 533 499 111 139 581;0;0;0;1;0
1995 1998;27;362;260;370 533 362 336 260;0;0;0;0;0
1995 1998;28;787;792;1127 792 787 866 906;0;0;0;0;0
1995 1998;29;240;117;513 533 4 230 599 749 688 117 196 240 246 286 55 567 477;0;0;0;1;2
1995 1998;30;95;594;599 714 757 95 392 489 594;0;0;0;1;0
1995 1998;31;492;607;351 607 785 905 492 790 653 808;0;0;0;1;1
1995 1998;32;680;637;749 688 753 637 309 680 553;0;0;0;1;0
1996 1999;0;278;88;278 311 305 102 27 105 228 67 88 54 173 65 195 223;0;0;0;0;1
1996 1999;1;386;155;386 155 294 301 355 384;0;0;0;0;1
1996 1999;2;175;213;278 311 305 175 213;0;0;0;0;0
1996 1999;3;360;394;797 905 360 394 573;0;0;0;0;1
1996 1999;4;1007;1124;1140 1150 1007 1025 1124 1175 1186 1214 1278 1340 1351 750 873 934;0;0;0;0;1
1996 1999;5;1390;1489;1331 1390 1489 1459 1432;0;0;0;0;0
1996 1999;6;169;840;80 169 440 483 746 840;0;0;0;0;0
1996 1999;7;759;877;759 905 877 640 843;0;0;0;1;1
1996 1999;8;619;886;750 873 724 919 118 619 728 866 886 92 882 895;0;0;0;0;0
1996 1999;9;752;951;1011 1055 1252 752 951 975 977;0;0;0;0;1
1996 1999;10;964;705;925 948 964 1261 869 705;0;0;0;0;1
1996 1999;11;351;492;351 785 653 365 492;0;0;0;1;1
1996 1999;12;380;629;714 629 835 380 580;0;0;0;0;0
1996 1999;13;204;637;204 677 749 753 531 568 274 637;0;0;0;1;0
1996 1999;14;92;118;148 221 599 118 552 92;0;0;0;0;1
1996 1999;15;17;75;305 249 20 17 75;0;0;0;0;0
1996 1999;16;557;453;557 688 453 702 603 838 155 294 425 434 477 614 627 777 876;0;0;0;0;1
1996 1999;17;551;335;335 567 426 207 551 310;0;0;0;1;0
1996 1999;18;1130;1117;1006 1140 1130 1150 925 948 1117;0;0;0;1;2
1996 1999;19;397;352;521 599 688 352 397;0;0;0;0;2
1996 1999;20;583;446;481 599 688 149 446 564 583 99 352 538;0;0;0;0;1
1996 1999;21;199;309;240 521 599 533 688 436 336 500 498 199 293 309 421 426 504 531 553 568 653 260;0;0;0;0;1
1996 1999;22;55;246;240 599 246 533 55 477 500 230;0;0;0;1;0
1996 1999;23;117;4;106 117 240 286 4;0;0;0;0;0
1996 1999;24;230;567;599 567 688 477 230;0;0;0;1;1
1997 2000;0;498;336;533 599 199 688 498 336 521 309 500 328 426 504 372 260 438;0;0;0;1;1
1997 2000;1;992;1150;1140 1150 1130 925 948 1117 992;0;0;0;1;0
1997 2000;2;873;1007;1140 1150 1130 1007 1025 1124 750 873 934;0;0;0;1;1
1997 2000;3;221;148;599 117 148 221 36 55;0;0;0;1;1
1997 2000;4;170;323;170 599 95 688 323 392 489;0;0;0;0;1
1997 2000;5;277;331;533 688 167 277 331;0;0;0;0;0
1997 2000;6;1064;1351;1140 1130 1351 1117 1064;0;0;0;1;1
1997 2000;7;446;59;599 59 688 149 446 583;0;0;0;1;1
1997 2000;8;352;296;599 688 583 521 296 352;0;0;0;1;0
1997 2000;9;487;489;487 599 688 521 489;0;0;0;1;0
1997 2000;10;531;553;567 599 688 531 553;0;0;0;1;0
1997 2000;11;305;278;278 311 305 265 102 27 88 304 54 7 65 173 179 195 223 67 79;0;0;0;1;1
1997 2000;12;294;155;688 155 294 301 355 384 386 425 434 453 477 614 557 627 777 702 838 876;0;0;0;2;1
1997 2000;13;516;298;516 785 298 699 751;0;0;0;0;0
1997 2000;14;399;343;244 343 399 445 683 860 416;0;0;0;0;0
1997 2000;15;640;759;917 905 502 640 659 759 843 877;0;0;0;1;1
1997 2000;16;797;573;525 797 579 905 394 360 573 618;0;0;0;1;1
1997 2000;17;666;697;806 697 757 632 666;0;0;0;0;1
1997 2000;18;535;959;1030 535 661 768 959;0;0;0;0;0
1997 2000;19;310;370;598 533 370 338 130 310 317;0;0;0;0;1
1997 2000;20;660;833;475 610 833 594 785 207 577 660 378 559;0;0;0;0;1
1997 2000;21;977;752;1011 1055 1252 752 975 977 1362 1133;0;0;0;1;0
1997 2000;22;653;492;785 688 653 209 402 492;0;0;0;1;1
1997 2000;23;10;189;10 189 285 324 456;0;0;0;0;0
1997 2000;24;964;705;1030 925 948 701 705 869 964 1261;0;0;0;1;1
1997 2000;25;944;830;1006 830 1030 944 984;0;0;0;0;0
1998 2001;0;199;498;567 599 533 521 199 688 500 426 498 504;0;0;0;1;3
1998 2001;1;305;265;278 311 305 265 102 27 58 54 163 192 224 179 88;0;0;0;1;1
1998 2001;2;1291;1339;1291 1339 1215 1247 1288 1265;0;0;0;0;0
1998 2001;3;1489;1390;1489 1459 1390 1432 1482;0;0;0;0;1
1998 2001;4;33;125;249 370 33 125 137;0;0;0;0;1
1998 2001;5;1514;1530;1530 1525 1503 1514 1508 1467 1493;0;0;0;0;1
1998 2001;6;394;360;797 905 394 360 573;0;0;0;1;0
1998 2001;7;843;759;905 502 759 843 877;0;0;0;1;0
1998 2001;8;697;794;1030 666 697 789 794 806 907;0;0;0;1;0
1998 2001;9;959;766;1030 766 797 928 959;0;0;0;0;1
1998 2001;10;964;705;1030 1127 948 701 705 925 964 1261 910 869;0;0;0;1;1
1998 2001;11;310;317;533 370 130 310 317 338 598;0;0;0;1;2
1998 2001;12;1388;1327;1327 1388 1479 1525 1554;0;0;0;0;0
1998 2001;13;477;453;688 155 434 453 477 614;0;0;0;1;0
1998 2001;14;122;165;249 533 370 122 165;0;0;0;0;1
1998 2001;15;209;289;785 653 209 289 555;0;0;0;1;1
1998 2001;16;1015;1117;1140 1150 1351 1015 1117;0;0;0;1;1
1998 2001;17;660;559;833 785 559 577 660 582;0;0;0;1;1
1998 2001;18;687;675;688 553 687 597 675;0;0;0;0;0
1998 2001;19;753;760;785 760 553 773 753 675;0;0;0;0;0
1998 2001;20;551;790;567 94 551 790 438;0;0;0;0;0
1998 2001;21;386;294;688 386 155 294 355;0;0;0;0;0
1998 2001;22;583;170;410 599 521 422 59 446 583 688 170 385 489 323 392;0;0;0;2;1
1998 2001;23;1214;1128;1007 1128 1214 1278 1351;0;0;0;0;0
1998 2001;24;689;649;835 689 714 749 649;0;0;0;0;0
1998 2001;25;531;568;835 749 531 568 773 637;0;0;0;0;0
1998 2001;26;1124;1130;1130 1140 1150 873 1007 1124;0;0;0;1;2
1998 2001;27;221;148;148 599 117 221 55;0;0;0;1;0
1998 2001;28;416;445;390 445 835 714 598 416 522;0;0;0;0;1
1998 2001;29;497;673;390 497 714 749 673;0;0;0;0;1
1999 2002;0;464;498;533 599 835 464 521 498;0;0;0;1;1
1999 2002;1;372;176;533 599 567 521 688 176 372;0;0;0;1;1
1999 2002;2;336;199;533 599 835 521 199 688 336;0;0;0;1;1
1999 2002;3;1117;1351;1150 1130 1140 1351 1117 1069 1103 992;0;0;0;1;2
1999 2002;4;1071;958;1150 1127 1130 1064 1071 958;0;0;0;0;1
1999 2002;5;526;519;840 519 377 526 746;0;0;0;0;1
1999 2002;6;1432;1459;1489 1482 1334 1390 1459 1432;0;0;0;1;0
1999 2002;7;323;489;599 422 583 688 323 392 489;0;0;0;1;1
1999 2002;8;873;934;1150 1130 619 873 1140 934;0;0;0;1;0
1999 2002;9;59;284;436 59 386 158 284;0;0;0;0;2
1999 2002;10;653;289;785 521 555 653 688 209 289 298 405;0;0;0;1;1
1999 2002;11;1124;1007;1150 1127 1130 1007 1124 1140;0;0;0;1;2
1999 2002;12;160;352;521 583 688 160 296 352 446 538;0;0;0;0;1
1999 2002;13;399;683;860 399 699 416 683;0;0;0;0;2
1999 2002;14;497;673;497 860 699 390 673;0;0;0;1;0
1999 2002;15;1021;1121;1121 1002 1021 1150 980;0;0;0;0;0
1999 2002;16;1525;1514;1461 1530 1508 1525 1503 1514 1447 1467 1471 1493;0;0;0;1;1
1999 2002;17;221;313;436 313 221 118 92 196;0;0;0;0;0
1999 2002;18;278;305;278 305 265 88 179 58 27 54;0;0;0;1;1
1999 2002;19;797;799;959 766 905 797 799 618;0;0;0;1;1
1999 2002;20;445;456;456 343 445 48 598 244 399 416 390;0;0;0;1;0
1999 2002;21;33;137;249 370 33 125 137;0;0;0;1;1
1999 2002;22;161;140;249 370 140 130 161 338 598 5 17 205;0;0;0;2;1
1999 2002;23;281;462;581 505 462 281 449;0;0;0;0;0
1999 2002;24;1423;1449;1489 1449 1390 1292 1426 1309 1423;0;0;0;0;0
1999 2002;25;318;315;436 80 386 315 318;0;0;0;0;0
1999 2002;26;964;705;1127 869 705 910 1261 948 964 925 784;0;0;0;1;0
1999 2002;27;317;310;533 370 130 310 317 288;0;0;0;1;0
1999 2002;28;660;577;785 688 660 577 348 559;0;0;0;1;0
1999 2002;29;605;602;860 804 683 602 605;0;0;0;0;0
1999 2002;30;1128;948;1130 1140 1128 948 925;0;0;0;0;1
1999 2002;31;644;808;1030 644 670 808 860 959 785 905 723;0;0;0;0;1
2000 2003;0;336;236;533 599 835 724 336 521 567 749 688 176 236 331;0;0;0;2;2
2000 2003;1;1020;1005;1005 1020 1127 1130 1140 841 1071;0;0;0;2;1
2000 2003;2;1150;1117;1150 1127 1130 1140 1015 1117 1129 1028 1043 992;0;0;0;2;1
2000 2003;3;925;948;1127 1130 1140 925 948 964;0;0;0;1;1
2000 2003;4;489;392;599 521 422 688 583 323 489 392;0;0;0;1;0
2000 2003;5;675;593;749 753 790 530 593 675;0;0;0;0;1
2000 2003;6;621;680;621 688 597 400 680;0;0;0;0;0
2000 2003;7;1351;1185;1130 1140 1015 1185 1351;0;0;0;1;1
2000 2003;8;416;683;399 699 416 683 860;0;0;0;1;1
2000 2003;9;399;699;399 699 714 726 244 683;0;0;0;1;2
2000 2003;10;264;653;599 521 72 653 264 298 405;0;0;0;1;1
2000 2003;11;464;498;533 599 464 835 521 498;0;0;0;1;1
2000 2003;12;436;279;210 284 313 192 436 129 279 59 386 158 296;0;0;0;1;2
2000 2003;13;538;583;321 59 688 158 296 538 583 195 687 410 452;0;0;0;2;1
2000 2003;14;370;5;211 249 370 62 122 5 161 17 140 77 205;0;0;0;1;1
2000 2003;15;1530;1508;1530 1312 1461 1508 1514 1525 1441 1467 1493;0;0;0;1;1
2000 2003;16;259;285;285 313 259 157 237;0;0;0;0;1
2000 2003;17;882;906;943 906 810 882 816;0;0;0;0;1
2000 2003;18;462;506;265 505 454 506 462 7 19 251 257 432 449;0;0;0;0;0
2000 2003;19;137;33;144 137 249 33 125;0;0;0;1;0
2000 2003;20;445;329;238 445 21 329 244;0;0;0;0;1
2000 2003;21;215;268;688 386 296 215 268;0;0;0;0;0
2000 2003;22;377;519;651 840 519 377 526 746;0;0;0;1;0
2000 2003;23;660;577;581 785 209 255 660 577 582 620 378 833 497 424 485 559 546 556 633;0;0;0;0;1
2000 2003;24;369;181;726 181 369 579 615;0;0;0;0;0
2000 2003;25;602;723;561 610 959 785 905 558 794 602 723 644;0;0;0;1;2
2000 2003;26;616;461;321 461 726 616 368 384 431;0;0;0;0;0
2000 2003;27;848;857;848 943 860 414 857;0;0;0;0;0
2000 2003;28;598;566;598 714 726 546 566;0;0;0;0;1
2000 2003;29;797;766;959 905 797 799 766;0;0;0;1;1
2000 2003;30;148;221;533 148 221 118 143;0;0;0;0;1
2000 2003;31;54;88;278 311 305 505 54 58 88 603;0;0;0;1;2
2000 2003;32;829;784;784 835 705 353 634 829;0;0;0;0;0
2001 2004;0;959;1030;1030 610 750 789 794 853 885 901 905 915 928 954 959 799 558 723 661 700 734;0;0;0;2;0
2001 2004;1;748;922;1071 1127 1025 748 922;0;0;0;0;0
2001 2004;2;121;144;144 121 41 22 29;0;0;0;0;1
2001 2004;3;1525;1510;1530 1525 1510 1467 1503;0;0;0;0;1
2001 2004;4;259;285;285 313 259 157 237;0;0;0;1;0
2001 2004;5;420;444;420 444 598 579 408;0;0;0;0;0
2001 2004;6;424;471;627 688 552 424 471;0;0;0;0;0
2001 2004;7;986;956;1006 1150 874 914 956 986 846;0;0;0;0;1
2001 2004;8;1125;1056;1198 1149 1056 1125 1155;0;0;0;0;0
2001 2004;9;249;5;370 249 5 140 77;0;0;0;1;1
2001 2004;10;456;506;456 445 506 361 416 414;0;0;0;0;1
2001 2004;11;943;906;721 943 906 810 882 816;0;0;0;1;0
2001 2004;12;1508;1514;1530 1514 1508 1461 1447;0;0;0;1;1
2001 2004;13;21;329;238 445 21 329 244;0;0;0;1;0
2001 2004;14;148;119;210 221 148 118 119 60;0;0;0;1;0
2001 2004;15;134;202;265 134 164 202 251 505;0;0;0;0;1
2001 2004;16;163;224;305 313 101 163 224 462 192 332 251 505 7 43;0;0;0;0;1
2001 2004;17;602;723;905 785 561 602 723 644;0;0;0;1;1
2001 2004;18;948;1127;1020 1005 1071 1127 1130 1140 841 834 936 1128 1111 873 910 925 934 948 964 784 705;0;0;0;2;0
2001 2004;19;532;726;699 726 683 718 532;0;0;0;1;0
2001 2004;20;1129;1351;1150 1130 1140 1015 1129 1185 1351 1019 1028 1069;0;0;0;2;0
2001 2004;21;399;714;699 106 356 445 598 714 726 244 343 399 683;0;0;0;2;2
2001 2004;22;289;555;599 785 653 72 289 298 555 209 264;0;0;0;1;0
2001 2004;23;278;311;278 311 305 265 88 54 58;0;0;0;1;1
2001 2004;24;88;54;462 265 505 88 54 58;0;0;0;1;1
2001 2004;25;352;374;688 538 583 352 374 404;0;0;0;0;1
2001 2004;26;860;605;699 561 683 860 718 673 605;0;0;0;1;1
2001 2004;27;279;262;279 313 59 158 262;0;0;0;1;1
2001 2004;28;551;790;749 567 753 790 551;0;0;0;1;0
2001 2004;29;689;690;699 726 718 690 689;0;0;0;0;1
2001 2004;30;660;577;785 497 559 577 660 485;0;0;0;1;1
2001 2004;31;597;335;749 621 753 335 597;0;0;0;0;0
2001 2004;32;566;573;598 688 579 573 566;0;0;0;0;0
2001 2004;33;284;386;284 313 59 386 158 296;0;0;0;1;0
2001 2004;34;583;538;688 59 158 296 538 583;0;0;0;1;1
2001 2004;35;236;331;336 533 599 521 749 835 176 236 331;0;0;0;1;1
2001 2004;36;199;117;336 533 599 521 688 117 567 653 141 199 176;0;0;0;1;2
2001 2004;37;353;507;533 599 521 749 835 353 507;0;0;0;1;2
2002 2005;0;1071;1111;1150 1071 1127 1130 1140 875 1058 922 1111;0;0;0;0;1
2002 2005;1;236;331;236 336 507 533 567 599 688 749 835 521 176 331;0;0;0;2;2
2002 2005;2;417;437;533 599 688 521 437 417;0;0;0;1;1
2002 2005;3;343;683;699 860 718 445 399 343 683 416;0;0;0;2;2
2002 2005;4;106;356;106 356 533 598 714 726;0;0;0;1;2
2002 2005;5;896;898;1127 1130 1140 835 636 724 896 898;0;0;0;0;1
2002 2005;6;790;724;749 835 636 724 760 790;0;0;0;0;0
2002 2005;7;487;653;533 599 688 521 653 364 264 487;0;0;0;1;2
2002 2005;8;380;428;428 533 567 599 749 521 380;0;0;0;1;1
2002 2005;9;121;22;35 144 121 22 41;0;0;0;1;1
2002 2005;10;1514;1508;1514 1489 1423 1508 1525 1530 1343 1428 1471;0;0;0;2;1
2002 2005;11;1204;1195;1291 1219 1157 1339 1204 1195;0;0;0;0;0
2002 2005;12;1432;1379;1449 1489 1390 1379 1432 1454;0;0;0;0;1
2002 2005;13;625;393;1006 606 625 627 393;0;0;0;0;0
2002 2005;14;1021;1075;1021 1150 973 1015 1075 980;0;0;0;0;0
2002 2005;15;318;93;144 210 347 506 436 34 44 64 80 93 386 169 318 222 315;0;0;0;0;1
2002 2005;16;543;182;603 616 182 442 543;0;0;0;0;0
2002 2005;17;799;713;684 905 799 713 618;0;0;0;0;0
2002 2005;18;840;759;435 840 651 759 746 907 698;0;0;0;0;1
2002 2005;19;983;1025;1010 1127 1055 782 983 1175 1025 520 988;0;0;0;0;1
2002 2005;20;1200;1198;1200 1198 1160 1181 1164;0;0;0;0;0
2002 2005;21;586;570;726 586 760 660 290 570;0;0;0;0;1
2002 2005;22;838;930;930 993 819 838 736 764;0;0;0;0;2
2002 2005;23;986;1038;1006 1038 801 874 986;0;0;0;1;1
2002 2005;24;927;935;1006 817 874 897 927 930 935 993 998;0;0;0;0;1
2002 2005;25;461;201;461 726 583 616 201 271 431;0;0;0;0;0
2002 2005;26;254;212;688 583 757 212 254;0;0;0;0;0
2002 2005;27;202;134;456 505 265 134 202;0;0;0;1;0
2002 2005;28;414;506;456 445 506 414 424;0;0;0;1;0
2002 2005;29;126;345;370 598 362 126 345;0;0;0;0;1
2002 2005;30;959;1030;1030 644 656 670 699 708 723 797 808 860 905 959 766 602;0;0;0;0;1
2002 2005;31;205;211;370 249 313 211 205;0;0;0;0;2
2002 2005;32;78;5;370 249 140 5 78;0;0;0;1;1
2002 2005;33;163;224;322 251 224 313 192 332 163;0;0;0;1;1
2002 2005;34;296;538;599 688 59 436 386 268 284 158 583 160 296 215 404 538 352 374 385;0;0;0;2;2
2002 2005;35;279;262;279 313 436 158 262 160;0;0;0;1;1
2002 2005;36;221;183;196 221 599 240 287 183;0;0;0;0;0
2002 2005;37;833;577;656 699 598 714 582 378 785 577 660 559 833 497 609 424 485 556 620 633;0;0;0;1;1
2002 2005;38;829;784;910 835 784 829 353;0;0;0;0;1
2002 2005;39;206;154;688 436 386 154 268 206;0;0;0;0;0
2002 2005;40;54;88;278 505 265 462 305 58 311 54 88;0;0;0;2;1
2002 2005;41;689;690;699 689 714 718 726 690;0;0;0;1;2
2002 2005;42;555;522;699 555 785 660 298 522;0;0;0;0;1
2002 2005;43;644;602;644 699 785 660 602;0;0;0;1;1
2003 2006;0;560;601;599 688 594 861 739 653 785 601 438 560 574 596;0;0;0;0;1
2003 2006;1;345;126;370 362 598 579 126 345;0;0;0;1;1
2003 2006;2;1132;1040;1045 1200 1198 1040 1046 1132;0;0;0;0;0
2003 2006;3;14;272;249 313 178 272 211 14;0;0;0;1;1
2003 2006;4;538;352;688 583 753 538 352;0;0;0;0;0
2003 2006;5;883;901;1034 1030 901 928 959 883 905;0;0;0;0;2
2003 2006;6;723;959;1030 808 860 959 602 610 644 670 699 708 723 727 766 797 905;0;0;0;1;2
2003 2006;7;738;548;738 905 799 906 548;0;0;0;0;2
2003 2006;8;137;249;249 370 211 346 137 579 125 198 136 78 5 205;0;0;0;2;1
2003 2006;9;224;190;332 313 436 224 190;0;0;0;1;2
2003 2006;10;563;577;598 579 660 577 563;0;0;0;0;0
2003 2006;11;633;556;688 653 660 785 556 633;0;0;0;0;0
2003 2006;12;525;579;598 525 579 567 660;0;0;0;0;0
2003 2006;13;829;964;964 835 948 910 784 829 705;0;0;0;1;2
2003 2006;14;404;446;688 386 446 583 340 404 352 374 385;0;0;0;1;0
2003 2006;15;956;928;1030 956 928 959 766;0;0;0;0;1
2003 2006;16;54;88;278 305 505 192 265 462 603 54 88 58 311;0;0;0;1;1
2003 2006;17;797;799;797 905 281 799 906 700;0;0;0;0;2
2003 2006;18;519;583;599 688 583 753 519;0;0;0;0;0
2003 2006;19;296;158;332 313 436 158 296;0;0;0;1;0
2003 2006;20;298;555;555 653 660 785 298 601;0;0;0;1;0
2003 2006;21;602;561;602 610 644 699 561 660 785;0;0;0;1;1
2003 2006;22;1489;1514;1469 1514 1449 1423 1309 1426 1489 1508 1525 1343 1379 1390 1432 1454 1459 1530 1478;0;0;0;2;0
2003 2006;23;93;80;144 347 386 47 64 80 93 169 318;0;0;0;1;1
2003 2006;24;1543;1513;1557 1513 1543 1587 1602 1608;0;0;0;0;1
2003 2006;25;943;954;1010 836 846 848 860 916 926 943 954 805 842 683 648 734 854;0;0;0;0;1
2003 2006;26;35;121;35 144 313 259 121 244 18 21 22 24 255 41;0;0;0;1;0
2003 2006;27;1384;1387;1234 1384 1154 1327 1387 1213;0;0;0;0;1
2003 2006;28;876;912;1030 876 793 795 856 912;0;0;0;0;1
2003 2006;29;759;840;651 1045 1200 569 435 472 654 759 840 169 658 600 698 864 907 503 679 746 807;0;0;0;1;1
2003 2006;30;1006;986;1006 1038 801 817 843 874 897 927 935 961 985 986 993 998;0;0;0;2;1
2003 2006;31;210;413;210 20 461 413 159 201;0;0;0;0;0
2003 2006;32;937;1060;1075 1109 846 937 1060;0;0;0;0;1
2003 2006;33;838;930;817 993 819 838 930;0;0;0;1;1
2003 2006;34;285;219;313 259 17 285 219;0;0;0;0;0
2003 2006;35;611;612;856 703 611 496 612;0;0;0;0;1
2003 2006;36;764;736;861 838 930 764 736;0;0;0;1;1
2003 2006;37;983;782;1036 1055 1083 983 1025 782 988;0;0;0;1;0
2003 2006;38;1219;1252;1059 1072 1014 1205 1219 1252 1052 1126 1082 1362;0;0;0;0;1
2003 2006;39;207;292;610 905 579 292 207;0;0;0;0;1
2003 2006;40;379;505;505 379 600 299 357;0;0;0;0;0
2003 2006;41;748;833;808 861 833 785 748;0;0;0;0;1
2003 2006;42;121;255;259 370 121 9 22 255;0;0;0;0;0
2003 2006;43;570;586;920 726 586 760 660 785 290 570;0;0;0;1;0
2003 2006;44;468;835;533 599 714 835 521 653 468;0;0;0;1;0
2003 2006;45;221;82;370 533 599 148 521 221 82;0;0;0;1;1
2003 2006;46;513;531;513 533 599 714 835 749 653 531;0;0;0;0;1
2003 2006;47;498;487;533 599 688 521 653 498 487 349;0;0;0;1;0
2003 2006;48;331;236;370 236 336 507 533 599 688 835 521 749 176 567 331 653;0;0;0;1;1
2003 2006;49;335;465;507 533 599 688 521 749 567 465 335;0;0;0;1;1
2003 2006;50;1071;1130;1150 962 1005 1020 1071 1127 1130 1140 1185 936 1058 1111 875 1064 1069 922;0;0;0;1;2
2003 2006;51;193;274;599 749 567 193 274 551;0;0;0;1;0
2003 2006;52;559;485;699 598 833 378 660 785 559 577 497 582 485;0;0;0;1;2
2003 2006;53;343;445;699 598 244 445 399 343;0;0;0;1;3
2003 2006;54;675;593;688 749 753 785 530 593 675;0;0;0;0;0
2003 2006;55;718;399;860 699 598 714 726 445 390 399 683 718;0;0;0;2;3
2003 2006;56;866;834;1127 1130 1140 834 724 866 898;0;0;0;1;1
2003 2006;57;356;106;106 356 533 598 714 726;0;0;0;1;0
2003 2006;58;284;296;688 436 386 284 158 296 583;0;0;0;1;1
2003 2006;59;790;551;599 688 749 790 567 753 551 785 531 530;0;0;0;0;1
2003 2006;60;522;479;699 598 714 726 479 522;0;0;0;2;2
2004 2007;0;1038;801;1006 1038 801 843 986;0;0;0;1;0
2004 2007;1;74;83;119 221 148 74 83;0;0;0;0;1
2004 2007;2;734;1010;1010 635 734 794 816 857 860 943 954 959;0;0;0;1;0
2004 2007;3;748;808;833 861 808 785 748;0;0;0;1;2
2004 2007;4;882;886;836 943 954 906 886 810 882;0;0;0;0;0
2004 2007;5;1109;980;1000 1021 1075 1109 1150 973 980 1043;0;0;0;0;0
2004 2007;6;192;107;192 107 187 344 52;0;0;0;0;0
2004 2007;7;14;211;272 249 178 211 14;0;0;0;1;0
2004 2007;8;1;31;1 272 278 305 31 42 88;0;0;0;0;1
2004 2007;9;1023;1081;1186 1175 1023 1045 1081;0;0;0;0;1
2004 2007;10;1027;937;1075 1109 1150 937 1027;0;0;0;1;1
2004 2007;11;759;698;654 759 840 651 658 746 435 698 907 864;0;0;0;1;1
2004 2007;12;163;224;313 279 332 163 224;0;0;0;1;2
2004 2007;13;586;458;586 660 280 290 458;0;0;0;0;0
2004 2007;14;858;807;912 840 858 907 864 747 807;0;0;0;0;1
2004 2007;15;1121;1021;1000 1021 1121 1140 1150 924;0;0;0;0;0
2004 2007;16;186;439;420 598 469 579 125 403 439 186 292;0;0;0;0;1
2004 2007;17;247;346;346 579 403 247 482;0;0;0;0;0
2004 2007;18;346;290;346 403 482 280 290;0;0;0;0;0
2004 2007;19;87;279;313 279 436 332 87;0;0;0;1;1
2004 2007;20;661;718;860 959 699 718 661;0;0;0;0;0
2004 2007;21;525;610;1030 959 525 610 905;0;0;0;2;0
2004 2007;22;789;920;1075 1150 1010 1030 789 920 959;0;0;0;0;0
2004 2007;23;561;610;610 699 561 726 785;0;0;0;1;0
2004 2007;24;465;176;521 533 599 165 240 567 749 688 176 428 236 372 465 507 621 331 500 335 380;0;0;0;2;0
2004 2007;25;54;311;278 305 88 265 311 462 505 54 58;0;0;0;1;1
2004 2007;26;21;244;21 238 244 399 329 445;0;0;0;1;0
2004 2007;27;956;918;1150 1034 1030 956 959 924 918 928 932;0;0;0;2;1
2004 2007;28;898;873;1140 1127 1130 948 873 898 896;0;0;0;1;1
2004 2007;29;829;705;948 964 910 835 829 925 896 784 705;0;0;0;1;1
2004 2007;30;137;198;249 370 137 171 598 259 78 122 140 198 579 285 125 46 48;0;0;0;2;1
2004 2007;31;296;583;386 436 158 284 296 404 583 688 215;0;0;0;1;1
2004 2007;32;343;609;699 244 399 445 609 343;0;0;0;1;1
2004 2007;33;602;558;959 610 905 602 723 558;0;0;0;1;1
2004 2007;34;1149;1041;1150 1130 1185 1117 1041 1149;0;0;0;0;1
2004 2007;35;644;670;860 959 644 670 905 723;0;0;0;1;1
2004 2007;36;799;797;794 727 738 766 797 905 906 799 700;0;0;0;2;1
2004 2007;37;797;700;794 959 738 797 905 723 700;0;0;0;2;0
2004 2007;38;719;896;1130 948 964 835 719 896;0;0;0;1;0
2004 2007;39;287;72;599 221 240 72 287 209;0;0;0;0;0
2004 2007;40;559;577;699 833 598 714 378 660 785 559 577 485;0;0;0;1;2
2004 2007;41;582;378;699 399 598 445 582 378 660;0;0;0;2;1
2004 2007;42;390;399;860 699 399 445 390 683;0;0;0;1;1
2004 2007;43;497;522;860 699 390 522 683 497;0;0;0;2;0
2004 2007;44;1128;1261;1140 1130 948 964 1163 1261 910 1214 1128 925;0;0;0;0;2
2004 2007;45;479;522;860 699 598 714 726 522 683 479 718;0;0;0;2;1
2004 2007;46;464;498;1127 599 464 498 749 866;0;0;0;0;0
2004 2007;47;594;601;599 594 688 653 677 601 560 574;0;0;0;1;1
2004 2007;48;1005;1071;1140 1150 1005 1071 1127 1130 1185 1186 936;0;0;0;1;2
2004 2007;49;1111;936;1140 1127 1130 1186 936 1175 1111;0;0;0;1;1
2004 2007;50;141;521;370 521 533 599 221 148 141;0;0;0;1;1
2004 2007;51;1200;1131;1112 1132 1200 1131 1119 1046 1079 1234 1113 1118;0;0;0;0;1
2004 2007;52;1530;1514;1514 1423 1489 1530 1525 1554 1467 1508 1447 1503 1440 1560 1471 1529 1526 1493 1513;0;0;0;0;1
2004 2007;53;1234;1313;1132 997 1234 1313 1384 1178 1213;0;0;0;1;0
2004 2007;54;1280;1313;1339 1280 1313 1384 1269 1209 1235 1244;0;0;0;0;0
2004 2007;55;1439;1484;1474 1409 1451 1403 1439 1484 1501 1544;0;0;0;0;1
2004 2007;56;793;1055;1055 1030 963 954 793 912;0;0;0;1;0
2004 2007;57;1351;1288;1351 1369 1336 1288 1411;0;0;0;0;0
2004 2007;58;1290;1291;1291 1339 1290 1237 1244 1253;0;0;0;0;0
2004 2007;59;1449;1442;1442 1408 1449 1333 1364 1539;0;0;0;0;0
2004 2007;60;1513;1602;1548 1529 1605 1513 1602 1608 1557;0;0;0;1;1
2004 2007;61;63;66;278 88 180 63 66;0;0;0;0;0
2004 2007;62;752;557;930 545 838 557 752;0;0;0;0;0
2004 2007;63;630;391;682 630 391 382 383;0;0;0;0;1
2004 2007;64;603;496;571 603 496 611 612 856;0;0;0;1;1
2004 2007;65;1126;1252;1252 1126 1219 1082 1362;0;0;0;1;2
2004 2007;66;93;80;144 318 347 52 71 386 64 80 93 169 222;0;0;0;1;1
2004 2007;67;993;736;1006 985 986 993 817 861 819 930 838 935 764 814 736 831;0;0;0;2;2
2004 2007;68;1176;1089;1291 1339 1089 1176 1182;0;0;0;0;0
2004 2007;69;35;11;35 121 11 6 9;0;0;0;0;0
2004 2007;70;309;495;436 495 241 206 309;0;0;0;0;0
2004 2007;71;967;1031;1150 1034 967 1031 1043;0;0;0;0;0
2004 2007;72;638;731;950 731 881 638 856;0;0;0;0;1
2004 2007;73;551;790;599 567 749 753 551 335 531 790;0;0;0;1;1
2004 2007;74;380;621;533 599 714 835 749 726 621 380;0;0;0;1;0
2005 2008;0;1539;1498;1449 1469 1539 1554 1364 1498 1517 1406 1420 1452 1523 1532 1504;0;0;0;0;1
2005 2008;1;1489;1508;1469 1423 1447 1489 1503 1525 1554 1399 1514 1508 1430 1530 1432 1440 1467 1454 1460 1475;0;0;0;1;0
2005 2008;2;1442;1344;1449 1290 1442 1244 1344 1448;0;0;0;0;0
2005 2008;3;1474;1439;1409 1375 1439 1474 1451;0;0;0;1;1
2005 2008;4;1339;1293;1313 1339 1192 1293 1237 1288;0;0;0;0;1
2005 2008;5;1203;1296;1351 1369 1296 1203 1249;0;0;0;0;1
2005 2008;6;1560;1549;1549 1529 1560 1530 1513 1543;0;0;0;0;0
2005 2008;7;1548;1605;1554 1514 1529 1605 1608 1513 1548 1587 1602 1526;0;0;0;1;0
2005 2008;8;391;383;682 630 391 382 383;0;0;0;1;0
2005 2008;9;1112;1121;1000 1112 1121 1132 1110;0;0;0;0;1
2005 2008;10;1311;1353;1232 1387 1384 1354 1311 1353 1325 1348;0;0;0;0;1
2005 2008;11;461;159;210 461 413 159 189;0;0;0;0;1
2005 2008;12;603;611;856 703 603 571 740 554 496 611 562;0;0;0;1;1
2005 2008;13;816;882;734 943 816 957 882;0;0;0;0;1
2005 2008;14;625;606;606 639 812 627 740 393 625 822 707;0;0;0;0;1
2005 2008;15;133;266;266 521 221 148 533 133 599 240 82;0;0;0;1;1
2005 2008;16;335;551;567 599 749 688 465 753 551 335;0;0;0;1;0
2005 2008;17;896;898;1140 1127 1130 898 948 835 863 866 896;0;0;0;1;2
2005 2008;18;345;726;598 370 533 567 726 579 345;0;0;0;0;1
2005 2008;19;1048;1149;1140 1150 1130 1185 1117 1149 1048;0;0;0;1;2
2005 2008;20;964;1261;948 964 1214 910 1128 1261 925;0;0;0;1;1
2005 2008;21;137;125;137 171 249 211 598 370 346 259 33 78 198 579 285 125 140 17 292 126;0;0;0;1;3
2005 2008;22;594;574;714 594 599 688 653 601 574;0;0;0;1;1
2005 2008;23;1021;1075;1034 1150 1030 1075 924 928 932 937 959 1021;0;0;0;2;1
2005 2008;24;248;322;305 192 322 251 332 202 248;0;0;0;0;1
2005 2008;25;244;21;609 699 244 343 399 445 21 416;0;0;0;1;1
2005 2008;26;416;445;609 699 399 445 598 660 582 390 416;0;0;0;1;0
2005 2008;27;311;54;278 305 88 311 54 265 505 202;0;0;0;1;0
2005 2008;28;272;192;305 192 54 265 272 344 251 505 456 332 202;0;0;0;0;1
2005 2008;29;479;718;479 860 609 699 343 399 445 598 714 726 682 683 390 718 522;0;0;0;2;2
2005 2008;30;1019;979;1140 1127 1130 1185 979 1019;0;0;0;1;2
2005 2008;31;1071;1111;1140 1111 1127 1130 1175 1071 1161 1070;0;0;0;1;1
2005 2008;32;1087;908;1140 1150 1130 1185 1087 908;0;0;0;1;1
2005 2008;33;621;530;598 714 567 579 688 660 621 577 559 424 530;0;0;0;1;1
2005 2008;34;163;131;313 279 131 163 224 81;0;0;0;1;2
2005 2008;35;829;784;948 964 910 835 925 784 829 705;0;0;0;1;1
2005 2008;36;356;260;521 598 714 370 533 356 260 423;0;0;0;0;0
2005 2008;37;268;296;521 436 386 404 456 44 95 215 268 158 284 296 374 413 583 688 352;0;0;0;1;1
2005 2008;38;538;446;599 446 583 688 538 352 564;0;0;0;0;2
2005 2008;39;797;905;734 794 959 766 797 905 644 737 808 785 723 906 799 648 877 670 700;0;0;0;2;3
2005 2008;40;205;203;249 211 370 533 567 579 203 205;0;0;0;0;0
2005 2008;41;485;559;609 699 833 598 714 660 582 785 378 577 559 522 485;0;0;0;1;0
2005 2008;42;1163;1278;948 1278 1163 1214 1128 1261;0;0;0;1;0
2005 2008;43;556;833;833 808 660 785 577 556;0;0;0;1;1
2005 2008;44;602;610;959 610 905 558 683 723 602;0;0;0;1;0
2005 2008;45;24;224;322 313 24 279 224 332;0;0;0;1;1
2005 2008;46;186;403;598 346 579 292 403 469 186 604;0;0;0;1;1
2005 2008;47;74;83;119 221 148 74 83;0;0;0;1;0
2005 2008;48;1022;995;1072 995 1126 1198 1022;0;0;0;0;0
2005 2008;49;1045;1046;1132 1198 1186 1045 1040 1046 1081 1200;0;0;0;2;1
2005 2008;50;759;435;569 746 472 654 759 840 651 169 435 658 640 698;0;0;0;1;1
2005 2008;51;566;687;726 682 630 687 566;0;0;0;0;1
2005 2008;52;907;807;912 828 840 858 864 907 747 807;0;0;0;1;1
2005 2008;53;748;861;833 861 808 785 748;0;0;0;1;1
2005 2008;54;853;774;920 956 768 774 853;0;0;0;0;0
2005 2008;55;87;436;313 436 279 332 158 87;0;0;0;1;1
2005 2008;56;462;509;505 462 478 509 281 412 432;0;0;0;0;0
2005 2008;57;731;638;1034 731 856 881 950 804 638 754;0;0;0;1;1
2005 2008;58;1006;985;1006 817 927 955 985 986 993 998;0;0;0;1;1
2005 2008;59;793;1131;1131 793 912 1098 804;0;0;0;0;1
2005 2008;60;1205;1219;1126 1219 1252 1052 1205 1103;0;0;0;1;1
2005 2008;61;4;57;210 221 286 148 57 4;0;0;0;0;1
2005 2008;62;506;355;386 404 506 355 352;0;0;0;0;1
2005 2008;63;160;284;386 404 284 160 355;0;0;0;0;0
2005 2008;64;289;209;555 209 289 298 653;0;0;0;0;1
2005 2008;65;422;418;521 599 437 422 418;0;0;0;0;0
2005 2008;66;1;42;1 278 31 42 88;0;0;0;1;0
2005 2008;67;930;838;736 817 927 986 993 998 935 884 897 930 838 831;0;0;0;1;2
2005 2008;68;885;892;1030 915 943 954 885 892 950;0;0;0;0;0
2005 2008;69;900;858;993 828 840 858 900;0;0;0;0;0
2005 2008;70;121;22;121 255 370 259 22;0;0;0;0;1
2005 2008;71;80;93;318 347 344 386 64 80 93 169 658;0;0;0;1;1
2005 2008;72;790;690;673 835 749 790 690;0;0;0;0;0
2005 2008;73;1014;1072;1072 1014 1126 1198 1219 1252;0;0;0;1;2
2005 2008;74;648;799;954 703 630 799 648;0;0;0;0;0
2005 2008;75;247;586;794 586 346 247 615;0;0;0;0;0
2005 2008;76;497;555;861 555 785 653 497;0;0;0;0;1
2006 2009;0;1203;1296;1351 1249 1296 1203 1247 1455;0;0;0;1;0
2006 2009;1;1539;1554;1419 1449 1512 1479 1554 1405 1517 1539 1498 1452 1454 1523 1532 1494 1491 1505 1510;0;0;0;1;0
2006 2009;2;1222;1194;1194 1339 1222 1123 1152 1180 1192;0;0;0;0;0
2006 2009;3;1353;1311;1232 1285 1384 1387 1305 1354 1348 1254 1311 1353 1325;0;0;0;1;0
2006 2009;4;1293;1339;1291 1339 1313 1192 1293 1264 1288;0;0;0;1;0
2006 2009;5;1451;1439;1409 1474 1439 1451 1501 1544 1484;0;0;0;1;0
2006 2009;6;1653;1648;1654 1653 1661 1657 1648;0;0;0;0;0
2006 2009;7;159;461;210 461 413 159 180 189;0;0;0;1;0
2006 2009;8;625;639;639 740 393 606 625 822 523 707 812 631;0;0;0;1;0
2006 2009;9;983;1055;1127 1055 1020 983 988;0;0;0;0;0
2006 2009;10;1138;1190;1200 1186 1198 1252 1138 1166 1190 1242 884;0;0;0;0;0
2006 2009;11;1374;1512;1291 1247 1374 1455 1512;0;0;0;0;0
2006 2009;12;603;611;856 950 603 571 554 432 496 611 612;0;0;0;1;0
2006 2009;13;881;638;1034 986 856 881 912 950 731 1098 1131 1197 638 804 907 822 754 778 803;0;0;0;2;0
2006 2009;14;810;882;943 816 810 886 906 779 882;0;0;0;1;0
2006 2009;15;1280;1194;1194 1339 1280 1178 1188;0;0;0;0;0
2006 2009;16;1352;1309;1351 1369 1334 1489 1309 1352 1423 1447;0;0;0;0;0
2006 2009;17;552;627;552 539 627 411 485;0;0;0;0;0
2006 2009;18;512;569;101 512 569 581 600 376;0;0;0;0;0
2006 2009;19;262;87;101 262 279 581 87;0;0;0;0;0
2006 2009;20;1038;801;1122 1006 1038 801 986;0;0;0;0;0
2006 2009;21;1134;1103;1200 1219 1252 1103 1134;0;0;0;1;0
2006 2009;22;566;687;630 682 726 687 566;0;0;0;1;0
2006 2009;23;748;861;861 833 808 785 748;0;0;0;1;0
2006 2009;24;1109;1093;1000 1109 1121 1122 1150 1088 973 1119 1093;0;0;0;0;0
2006 2009;25;144;98;144 145 286 98 284 44;0;0;0;0;0
2006 2009;26;911;954;1010 911 929 943 954;0;0;0;0;0
2006 2009;27;1026;1052;1072 1126 1219 1026 1052 1252;0;0;0;1;0
2006 2009;28;1077;1135;1135 1030 969 1107 1077;0;0;0;0;0
2006 2009;29;564;452;688 583 538 564 452;0;0;0;1;0
2006 2009;30;586;590;586 660 604 615 290 570 590;0;0;0;0;0
2006 2009;31;1014;1129;1122 1072 985 998 1129 1014 1059 1126 1219;0;0;0;1;0
2006 2009;32;1081;1045;1200 1186 1132 1198 1023 1045 1196 858 1040 1046 1081 840;0;0;0;1;0
2006 2009;33;1151;926;926 969 1151 1249 1296;0;0;0;0;0
2006 2009;34;764;770;1127 861 764 770 814;0;0;0;0;0
2006 2009;35;318;93;318 386 80 93 347 64 169 174;0;0;0;1;0
2006 2009;36;241;436;279 313 370 436 241;0;0;0;1;0
2006 2009;37;747;807;858 912 828 840 988 747 907 807;0;0;0;1;0
2006 2009;38;1119;1040;1121 1122 1132 1119 1040;0;0;0;0;0
2006 2009;39;209;289;653 521 289 298 555 209 405;0;0;0;1;0
2006 2009;40;964;1214;1130 948 964 1219 1278 1205 1214 1128 1261 925 910 1163 705 829 784;0;0;0;2;0
2006 2009;41;1156;1163;1130 1185 1186 1163 1156;0;0;0;0;0
2006 2009;42;759;698;569 1045 746 472 651 654 658 698 759 828 840 864 80 64 169 435 640 440 822;0;0;0;1;0
2006 2009;43;1112;1132;1112 1121 1186 1132 1198;0;0;0;1;0
2006 2009;44;993;935;1006 817 831 985 986 993 998 935 884;0;0;0;2;0
2006 2009;45;838;930;817 831 986 993 884 930 838;0;0;0;1;0
2006 2009;46;1091;1150;1122 1150 1140 1185 1091;0;0;0;1;0
2006 2009;47;482;458;581 567 579 482 615 458;0;0;0;0;0
2006 2009;48;379;325;325 600 505 374 379 197 233;0;0;0;0;0
2006 2009;49;926;967;926 967 969 1107 1117;0;0;0;0;0
2006 2009;50;233;325;325 344 505 332 233;0;0;0;0;0
2006 2009;51;497;555;653 555 785 390 497;0;0;0;1;0
2006 2009;52;1048;1069;1150 1130 1140 1185 999 1186 1117 1041 1149 1076 1048 1069 1078;0;0;0;1;0
2006 2009;53;1175;1111;1127 1130 1140 1015 1025 1111 1161 1175 1186 1071 1037 1070;0;0;0;1;0
2006 2009;54;1064;987;1127 1130 1140 1185 1186 936 1064 987;0;0;0;1;0
2006 2009;55;1021;1034;1034 1150 1010 1021 1030 1075 978 883 920 928 932 959 980 1107 901 924 937 766 905 956;0;0;0;1;0
2006 2009;56;873;1058;1127 1130 1140 948 1058 1149 936 873 898;0;0;0;1;0
2006 2009;57;896;866;1150 1130 1140 834 866 898 749 820 835 896;0;0;0;1;0
2006 2009;58;244;416;860 609 699 244 343 375 399 445 45 21 469 153 416 582 683 479 327 390;0;0;0;2;0
2006 2009;59;1019;979;1127 1130 1140 1185 979 1019;0;0;0;1;0
2006 2009;60;237;313;279 259 313 370 314 237;0;0;0;0;0
2006 2009;61;799;797;700 794 766 797 905 906 799 648 670;0;0;0;1;0
2006 2009;62;797;738;1030 794 959 725 738 766 797 877 905;0;0;0;1;0
2006 2009;63;107;52;107 182 192 265 344 52;0;0;0;0;0
2006 2009;64;386;155;386 210 221 599 521 95 436 688 155 158 215 268 296 404 583 374 413 355 273 352;0;0;0;2;0
2006 2009;65;167;255;279 259 255 370 314 167;0;0;0;1;0
2006 2009;66;148;4;148 221 229 599 4 521;0;0;0;2;0
2006 2009;67;723;633;959 699 877 905 833 660 808 723 785 577 727 633 556 644 670 708;0;0;0;2;0
2006 2009;68;131;24;129 279 272 313 178 131 16 24 163 224 314 81 332 85 322 26 248;0;0;0;2;0
2006 2009;69;443;394;360 579 439 420 469 604 186 394 443;0;0;0;1;0
2006 2009;70;410;538;599 688 583 538 410 352;0;0;0;1;0
2006 2009;71;574;601;574 594 653 599 688 614 487 601;0;0;0;1;0
2006 2009;72;1128;925;1130 1140 948 1117 1149 1128 925;0;0;0;1;0
2006 2009;73;559;577;598 567 579 621 577 559;0;0;0;1;0
2006 2009;74;362;207;370 360 362 579 207 186;0;0;0;0;0
2006 2009;75;718;445;699 399 445 714 598 682 683 479 726 718;0;0;0;1;0
2006 2009;76;81;224;272 192 505 163 224 81;0;0;0;1;0
2006 2009;77;33;129;137 129 279 249 370 33;0;0;0;0;0
2006 2009;78;535;920;1010 1030 1075 535 920 959;0;0;0;0;0
2006 2009;79;466;749;714 466 533 749 835 598 567 579 428 580 621 507 597 680 380;0;0;0;0;0
2006 2009;80;202;305;305 272 182 192 344 505 163 224 332 251 322 202 248;0;0;0;2;0
2006 2009;81;46;48;137 598 198 285 140 46 48;0;0;0;0;0
2006 2009;82;78;346;137 249 370 346 33 78 579 125;0;0;0;1;0
2006 2009;83;499;533;533 598 567 579 621 507 726 499;0;0;0;1;0
2006 2009;84;126;140;137 249 259 598 198 579 285 125 126 140;0;0;0;1;0
2006 2009;85;211;126;249 259 211 370 598 198 579 125 126;0;0;0;1;0
