Years;Cluster Id;Cluster generic legend;Cluster specific legend;Terms id;Pseudo-Inclusion;Cluster Size;Density;Number of fathers;Number of sons 
174 174;1;895;831;8 21 313 720 748 831 867 895;1;1;1;1;0 
174 174;2;924;977;42 57 60 84 222 368 449 579 697 764 790 791 799 838 842 924 927 966 977 992;1;1;1;1;0 
174 174;3;881;993;346 395 881 993;1;1;1;0;0 
174 174;5;328;445;328 445 463 890;1;1;1;1;0 
174 174;6;51;326;51 294 326 434;1;1;1;1;0 
174 174;7;841;218;218 331 334 393 397 706 841 842 843 862;1;1;1;1;0 
174 174;8;574;218;218 314 574 679;1;1;1;0;0 
174 174;9;63;106;63 89 106 214 249 267 338 352 420 431 468 480 557 570 793 919 937;1;1;1;1;0 
174 174;10;875;676;32 115 546 676 875;1;1;1;1;0 
174 174;11;41;281;41 269 281 634;1;1;1;1;0 
174 174;12;508;201;201 410 508 555;1;1;1;0;0 
174 174;13;869;581;190 422 572 581 869 913;1;1;1;1;0 
174 174;16;423;478;20 321 423 478 844;1;1;1;1;0 
174 174;17;606;795;159 183 438 478 606 663 715 767 778 795 802 912;1;1;1;1;0 
174 174;18;965;688;643 688 731 965;1;1;1;1;0 
174 174;19;612;918;3 33 90 132 217 257 262 406 612 750 846 853 918 996;1;1;1;1;0 
174 174;20;392;282;82 171 282 392;1;1;1;0;0 
174 174;21;400;427;141 400 427 829 847;1;1;1;1;0 
174 174;22;480;38;38 431 480 948;1;1;1;0;0 
174 174;23;111;445;111 145 445 474;1;1;1;1;0 
174 174;24;878;312;54 55 135 213 312 418 484 600 604 654 743 751 878 942;1;1;1;1;0 
174 174;25;230;520;230 475 520 683 899;1;1;1;1;0 
174 174;26;408;993;26 58 60 368 408 550 754 835 839 842 877 927 993;1;1;1;1;0 
174 174;27;469;1000;269 271 469 1000;1;1;1;0;0 
174 174;28;446;763;45 164 186 192 341 446 712 763 778 920 950 996;1;1;1;0;0 
174 174;29;687;960;97 687 860 960;1;1;1;1;0 
174 174;30;988;124;117 124 201 681 988;1;1;1;0;0 
174 174;31;497;351;194 202 351 497 571 595;1;1;1;1;0 
174 174;32;480;300;13 300 480 948;1;1;1;0;0 
174 174;33;350;281;17 29 41 52 261 281 308 350 405 486 578 631 632 667 696 875 964;1;1;1;1;0 
174 174;34;666;993;34 95 242 255 299 331 591 666 690 877 901 993;1;1;1;1;0 
174 174;35;584;275;51 275 434 584 670;1;1;1;1;0 
174 174;36;423;482;324 423 482 844;1;1;1;0;0 
174 174;37;761;640;236 640 736 761;1;1;1;1;0 
174 174;38;612;132;132 306 386 612;1;1;1;0;0 
167 167;1;799;801;391 527 799 801;1;1;1;0;0 
167 167;2;350;516;17 29 41 52 227 261 308 350 405 516 578 631 696 830 875 922 960 964;1;1;1;2;1 
167 167;3;565;560;28 80 560 565;1;1;1;0;0 
167 167;4;293;116;116 293 311 698;1;1;1;1;0 
167 167;6;725;547;68 181 547 725;1;1;1;0;0 
167 167;9;453;85;85 319 453 917;1;1;1;1;0 
167 167;10;230;475;230 475 512 520 899;1;1;1;0;1 
167 167;11;41;281;41 281 559 634 907;1;1;1;1;1 
167 167;12;236;640;236 640 736 815;1;1;1;0;1 
167 167;13;883;619;619 883 921 998;1;1;1;0;0 
167 167;14;669;349;349 451 607 669;1;1;1;1;0 
167 167;15;444;937;444 541 874 937;1;1;1;1;0 
167 167;16;612;397;132 397 612 900;1;1;1;0;0 
167 167;17;463;445;328 445 463 890;1;1;1;1;1 
167 167;18;406;750;217 262 406 750 846;1;1;1;1;1 
167 167;19;469;116;116 287 469 548;1;1;1;0;0 
167 167;20;878;312;213 312 418 654 751 878 942;1;1;1;0;1 
167 167;21;666;255;34 95 242 255 299 302 591 666 690 803 901 993;1;1;1;0;1 
167 167;22;845;275;54 275 397 670 845 869;1;1;1;0;0 
167 167;23;954;420;63 420 618 954;1;1;1;0;0 
167 167;24;111;896;111 365 730 776 896;1;1;1;1;0 
167 167;25;408;993;26 58 60 368 408 550 754 839 877 927 993;1;1;1;1;1 
167 167;26;610;688;610 643 688 731 965;1;1;1;1;1 
167 167;27;642;201;201 568 642 794;1;1;1;1;0 
167 167;28;423;844;20 321 423 478 844;1;1;1;0;1 
167 167;29;692;801;366 513 692 721 801;1;1;1;0;0 
167 167;30;276;482;276 482 542 809;1;1;1;0;0 
167 167;31;669;97;97 101 451 669;1;1;1;0;0 
167 167;32;984;246;167 246 282 328 333 345 371 532 652 865 890 984;1;1;1;1;0 
167 167;33;991;292;284 292 662 714 991;1;1;1;1;0 
167 167;34;595;675;69 128 194 202 315 497 571 595 675 942 952;1;1;1;1;1 
167 167;35;635;255;35 255 363 635 803;1;1;1;0;0 
167 167;36;912;256;256 465 715 912;1;1;1;0;0 
167 167;37;912;183;183 438 715 912;1;1;1;0;1 
167 167;38;431;106;63 89 106 198 214 228 249 267 338 412 420 431 468 522 556 557 793 937;1;1;1;1;1 
167 167;39;446;547;45 68 446 547;1;1;1;0;0 
167 167;41;970;773;750 773 846 970;1;1;1;0;0 
167 167;42;959;292;20 149 160 256 292 465 776 833 896 959;1;1;1;2;0 
167 167;43;991;482;482 714 809 991;1;1;1;0;0 
167 167;44;959;183;160 183 438 959;1;1;1;0;0 
160 160;1;687;524;447 524 687 860;1;1;1;1;0 
160 160;2;669;349;349 451 607 669;1;1;1;0;1 
160 160;3;350;52;52 227 308 350;1;1;1;0;1 
160 160;4;642;381;7 138 177 193 357 381 568 642 770 794 805 947;1;1;1;1;0 
160 160;6;117;42;42 117 449 681;1;1;1;0;0 
160 160;7;469;906;297 469 786 906;1;1;1;0;0 
160 160;8;469;77;77 109 209 225 297 301 362 469 502 519 697 708 728 737 808 878 1006;1;1;1;1;0 
160 160;10;869;427;99 141 427 847 869;1;1;1;1;1 
160 160;11;4;100;4 100 266 491 637 941;1;1;1;1;0 
160 160;12;469;281;281 469 548 559 634 907;1;1;1;0;1 
160 160;13;458;961;69 231 250 315 458 562 595 613 626 823 879 956 961;1;1;1;0;0 
160 160;14;965;688;643 688 731 965;1;1;1;1;1 
160 160;15;767;956;200 467 767 956;1;1;1;0;0 
160 160;16;316;653;316 366 513 596 653 721;1;1;1;1;0 
160 160;17;495;589;225 326 342 495 589 670 777 916 930 933;1;1;1;1;0 
160 160;18;423;956;85 319 423 453 917 956;1;1;1;1;1 
160 160;20;216;564;58 216 488 564 993;1;1;1;0;0 
160 160;21;666;676;32 115 135 179 194 387 497 556 570 623 666 676 716 719 837 875;1;1;1;1;1 
160 160;22;965;684;536 610 684 965;1;1;1;0;0 
160 160;24;345;251;167 246 251 345 355 371 546 652 984;1;1;1;1;1 
160 160;25;365;124;124 292 365 730 896;1;1;1;0;1 
160 160;26;557;937;89 106 267 338 352 468 556 557 937;1;1;1;1;1 
160 160;27;145;445;111 116 145 289 445 474;1;1;1;1;1 
160 160;28;663;956;324 663 844 956;1;1;1;0;0 
160 160;29;29;960;29 405 459 631 875 960 964;1;1;1;1;1 
160 160;31;761;677;200 236 271 284 327 677 714 736 761 991;1;1;1;1;1 
160 160;32;761;956;236 240 761 956;1;1;1;1;0 
160 160;33;595;128;69 128 194 202 497 571 595 952;1;1;1;1;1 
160 160;34;632;960;17 147 253 377 578 632 635 830 922 960 982;1;1;1;1;0 
160 160;35;692;589;386 589 692 916;1;1;1;0;0 
160 160;36;8;846;8 13 40 750 846;1;1;1;0;0 
160 160;37;991;292;292 465 539 809 991;1;1;1;0;0 
160 160;38;912;896;465 833 896 912;1;1;1;0;1 
160 160;39;95;42;42 95 368 449 927 995;1;1;1;0;1 
160 160;40;423;292;292 423 465 896;1;1;1;0;1 
160 160;41;162;42;42 162 449 718;1;1;1;0;0 
160 160;42;222;676;115 222 676 992;1;1;1;1;0 
160 160;43;878;922;387 713 719 878 922;1;1;1;1;0 
153 153;1;491;266;4 266 491 637;1;1;1;1;1 
153 153;2;829;532;126 532 701 829;1;1;1;1;0 
153 153;3;328;827;328 463 827 890;1;1;1;0;0 
153 153;4;444;241;241 444 541 874;1;1;1;1;1 
153 153;5;593;72;72 504 593 831 947;1;1;1;0;0 
153 153;8;895;867;8 13 59 408 516 544 638 658 720 726 748 831 867 895 948;1;1;1;1;1 
153 153;9;930;326;306 326 342 512 589 670 916 930 933;1;1;1;1;1 
153 153;10;248;72;72 93 248 947;1;1;1;0;0 
153 153;11;489;72;72 489 947 1001;1;1;1;0;0 
153 153;13;710;619;263 619 710 746 817;1;1;1;0;0 
153 153;14;965;688;264 643 688 731 823 965;1;1;1;1;1 
153 153;15;642;770;7 177 193 220 357 404 445 568 619 642 770 794 805;1;1;1;2;1 
153 153;16;845;72;72 739 845 947;1;1;1;0;0 
153 153;18;231;281;142 162 206 231 281 472 514 630 645 649 670 687;1;1;1;2;0 
153 153;19;316;596;316 366 513 596 721;1;1;1;1;1 
153 153;20;453;85;85 319 453 917;1;1;1;1;1 
153 153;21;497;315;194 202 315 497 571;1;1;1;1;1 
153 153;22;613;72;72 613 849 947;1;1;1;0;0 
153 153;23;371;251;167 251 345 355 371;1;1;1;0;1 
153 153;24;631;964;29 405 459 631 964;1;1;1;1;1 
153 153;25;954;281;281 472 634 954;1;1;1;0;0 
153 153;27;924;827;60 87 131 262 316 827 835 908 924 988;1;1;1;0;0 
153 153;28;745;887;57 745 804 864 887 924;1;1;1;1;0 
153 153;29;913;218;218 422 572 887 913;1;1;1;0;0 
153 153;30;610;496;496 610 643 965;1;1;1;1;0 
153 153;31;191;451;191 355 451 466;1;1;1;0;0 
153 153;32;120;708;120 127 708 861;1;1;1;0;0 
153 153;33;160;375;160 375 588 959;1;1;1;0;0 
153 153;34;276;375;276 375 542 588;1;1;1;0;0 
153 153;35;63;71;63 71 249 585 972 995;1;1;1;1;0 
153 153;36;406;3;3 31 406 750 846;1;1;1;1;1 
153 153;37;469;281;281 469 472 548;1;1;1;0;0 
153 153;38;869;427;99 141 427 613 829 847 869;1;1;1;0;1 
153 153;39;480;289;116 145 289 445 474 480;1;1;1;1;1 
153 153;40;160;317;160 317 359 534 959;1;1;1;1;0 
153 153;41;213;128;22 128 192 213 252 398 507 875 952;1;1;1;1;0 
153 153;42;984;46;46 222 268 303 391 590 744 800 893 912 984;1;1;1;1;0 
153 153;43;687;953;524 687 860 953;1;1;1;1;1 
153 153;44;160;327;149 160 327 959;1;1;1;0;0 
153 153;45;276;317;276 317 542 956;1;1;1;0;0 
153 153;46;878;708;301 387 708 719 878;1;1;1;1;0 
153 153;47;838;281;36 281 472 838;1;1;1;0;0 
153 153;48;632;969;17 147 214 234 253 350 377 632 830 969 982;1;1;1;1;1 
153 153;49;878;349;349 387 607 719 878;1;1;1;1;0 
153 153;50;111;173;111 145 173 474;1;1;1;1;0 
153 153;51;162;877;162 488 718 877;1;1;1;1;0 
153 153;52;767;305;292 305 423 465 663 767;1;1;1;0;0 
146 146;1;194;545;25 145 194 212 275 310 497 545 554 666 670 743 777 845 987;1;1;1;0;0 
146 146;2;206;184;184 206 630 649;1;1;1;0;1 
146 146;3;829;532;126 532 701 829;1;1;1;0;1 
146 146;5;5;755;5 362 678 755;1;1;1;0;0 
146 146;6;585;71;71 249 585 972;1;1;1;0;1 
146 146;7;333;362;333 362 735 755;1;1;1;1;0 
146 146;9;491;499;4 266 491 499 637 648;1;1;1;1;1 
146 146;10;118;482;118 324 478 482;1;1;1;0;0 
146 146;11;111;116;62 111 116 145 148 191 474 792 856;1;1;1;1;2 
146 146;13;965;688;264 688 731 965;1;1;1;1;1 
146 146;14;988;918;3 217 262 918 988;1;1;1;1;0 
146 146;15;497;202;194 202 497 571;1;1;1;1;1 
146 146;16;786;708;109 697 708 786;1;1;1;0;0 
146 146;18;63;522;22 38 63 89 106 267 338 347 352 408 412 431 468 480 522 557 838 937;1;1;1;0;1 
146 146;19;839;993;368 839 927 993;1;1;1;0;1 
146 146;20;804;449;57 449 745 804 924;1;1;1;0;1 
146 146;22;635;723;27 211 372 635 723 778;1;1;1;0;0 
146 146;23;231;472;142 162 231 472 514 630 649 670;1;1;1;1;1 
146 146;24;632;253;17 51 114 147 192 214 234 253 350 377 632 793 830 982;1;1;1;1;1 
146 146;25;316;596;316 366 513 596 721;1;1;1;0;1 
146 146;26;913;449;422 449 572 581 913;1;1;1;0;1 
146 146;27;642;770;357 568 642 770;1;1;1;1;1 
146 146;28;575;114;29 114 405 575 626 631 964;1;1;1;1;1 
146 146;29;406;918;406 750 846 918;1;1;1;1;1 
146 146;31;744;46;46 222 303 391 590 744 893 912 984;1;1;1;0;1 
146 146;32;669;115;32 60 86 115 299 373 481 546 669 676 835 887 901 908;1;1;1;0;0 
146 146;33;7;619;7 475 619 805 997;1;1;1;0;1 
146 146;34;507;252;22 128 192 213 252 398 507 952;1;1;1;0;1 
146 146;35;878;418;349 387 398 418 719 878;1;1;1;1;1 
146 146;36;878;708;109 301 387 708 719 878;1;1;1;0;1 
139 139;1;111;474;62 111 116 145 148 191 231 474 792 856;1;1;1;1;1 
139 139;2;338;412;338 352 412 557;1;1;1;0;0 
139 139;3;924;114;12 55 57 60 114 135 312 356 647 751 800 835 864 887 924;1;1;1;1;0 
139 139;4;572;251;251 262 422 572 581 615 628 681 822 913;1;1;1;1;0 
139 139;5;463;465;328 463 465 890;1;1;1;0;1 
139 139;6;444;520;444 520 541 874;1;1;1;0;1 
139 139;8;630;472;385 472 630 649;1;1;1;1;1 
139 139;9;333;755;333 362 735 755;1;1;1;0;1 
139 139;10;648;499;4 266 491 499 604 637 648;1;1;1;1;1 
139 139;11;389;755;355 362 389 755;1;1;1;0;0 
139 139;12;965;688;643 688 731 965;1;1;1;1;1 
139 139;13;973;499;209 499 813 973;1;1;1;0;0 
139 139;17;51;173;51 173 386 448 873;1;1;1;0;0 
139 139;18;468;412;352 412 420 468;1;1;1;0;0 
139 139;19;716;706;314 393 397 706 716 841 862;1;1;1;0;1 
139 139;20;178;496;178 297 404 496 834 906;1;1;1;0;0 
139 139;22;239;755;239 362 586 755;1;1;1;0;0 
139 139;23;552;3;3 552 846 853;1;1;1;0;0 
139 139;24;575;114;17 29 114 405 444 541 575 626 631 632 830 954 964;1;1;1;1;2 
139 139;25;7;177;7 138 177 193 357 568 642 770 794 805 816;1;1;1;2;2 
139 139;26;799;527;334 391 520 527 799;1;1;1;0;0 
139 139;27;234;916;234 589 760 916 995;1;1;1;0;0 
139 139;28;988;3;3 217 262 623 750 846 978 988;1;1;1;1;1 
139 139;29;610;547;547 610 643 965;1;1;1;0;0 
139 139;30;878;418;387 398 418 713 719 878;1;1;1;1;2 
139 139;31;117;488;117 242 488 681;1;1;1;0;0 
139 139;32;507;547;507 547 710 763 817 963;1;1;1;0;0 
139 139;33;808;708;696 708 808 884;1;1;1;0;0 
139 139;34;767;20;20 149 324 482 767;1;1;1;0;0 
139 139;35;959;736;160 317 736 959;1;1;1;0;1 
132 132;1;686;104;104 167 345 686;1;1;1;0;0 
132 132;2;491;266;4 266 491 637;1;1;1;0;1 
132 132;3;565;741;68 565 619 741;1;1;1;0;0 
132 132;5;712;741;693 712 741 920;1;1;1;0;0 
132 132;7;657;85;85 319 453 657 917;1;1;1;0;1 
132 132;8;132;918;3 132 853 918;1;1;1;0;0 
132 132;9;222;676;32 115 171 185 222 484 510 653 676 696 697 790 981;1;1;1;0;2 
132 132;10;194;653;194 202 497 571 653;1;1;1;0;1 
132 132;11;293;474;116 293 311 474 698 880;1;1;1;0;1 
132 132;12;610;688;264 610 643 688 731 965;1;1;1;0;2 
132 132;13;965;524;121 524 931 953 965;1;1;1;0;0 
132 132;14;328;375;317 328 375 463 888 890;1;1;1;0;0 
132 132;15;51;743;51 430 743 873;1;1;1;0;0 
132 132;16;406;918;31 406 750 846 918;1;1;1;0;1 
132 132;17;262;918;3 217 262 918;1;1;1;0;1 
132 132;18;120;676;120 270 676 863;1;1;1;0;0 
132 132;19;408;40;8 13 40 408 431 480 516 544 638 709 895 914 937 1002;1;1;1;0;1 
132 132;21;231;918;231 280 452 918;1;1;1;0;0 
132 132;22;452;474;116 280 452 474;1;1;1;0;0 
132 132;23;869;488;51 212 245 275 294 326 390 430 434 488 670 869 893 933;1;1;1;0;3 
132 132;24;698;927;285 311 698 927;1;1;1;0;0 
132 132;25;7;741;7 138 177 193 568 642 741 794 805 877 953;1;1;1;0;1 
132 132;26;895;708;708 831 884 895;1;1;1;0;0 
132 132;27;632;253;147 214 253 375 377 632 982;1;1;1;0;0 
132 132;28;194;822;117 194 262 306 572 581 628 681 822 913;1;1;1;0;1 
132 132;29;692;460;132 460 612 692;1;1;1;0;0 
132 132;30;8;307;8 307 748 914;1;1;1;0;0 
132 132;31;444;964;17 21 29 261 405 444 541 575 578 631 790 830 874 954 964;1;1;1;0;1 
132 132;32;630;229;50 229 269 271 287 337 354 385 472 502 505 630 649 841 1000;1;1;1;0;1 
132 132;33;761;956;9 236 588 704 761 815 956;1;1;1;0;1 
132 132;34;456;877;97 456 524 860 877 953 960;1;1;1;0;2 
132 132;35;878;418;387 398 418 719 878;1;1;1;0;2 
132 132;36;212;474;116 212 326 474;1;1;1;0;0 
132 132;37;299;718;34 95 242 287 299 488 591 658 690 718 877 901;1;1;1;0;1 
132 132;38;519;816;7 206 357 519 526 568 721 770 805 816;1;1;1;0;1 
132 132;39;276;871;276 485 542 588 871;1;1;1;0;0 
132 132;40;778;653;220 259 653 778;1;1;1;0;0 
132 132;41;135;312;12 55 57 60 131 135 312 316 356 579 647 800 835 864 887 924;1;1;1;0;1 
132 132;42;669;844;126 324 400 551 575 669 829 844 963;1;1;1;0;0 
132 132;43;991;292;292 327 714 991;1;1;1;0;1 
132 132;44;118;751;118 500 553 751;1;1;1;0;0 
132 132;45;277;474;116 252 277 389 474;1;1;1;0;0 
132 132;46;111;474;111 116 474 792;1;1;1;0;1 
132 132;47;240;588;240 588 776 871;1;1;1;0;0 
132 132;48;600;72;72 324 381 600;1;1;1;0;0 
132 132;49;722;969;243 722 969 1003;1;1;1;0;0 
132 132;50;408;953;13 408 524 953;1;1;1;0;0 
