174 187 1 153 166 8 
174 187 2 160 173 39 
174 187 5 167 180 17 
174 187 6 132 145 23 
174 187 7 139 152 19 
174 187 9 167 180 38 
174 187 10 160 173 21 
174 187 11 167 180 11 
174 187 13 146 159 26 
174 187 16 167 180 28 
174 187 17 167 180 37 
174 187 18 167 180 26 
174 187 19 167 180 18 
174 187 21 160 173 10 
174 187 23 160 173 27 
174 187 24 167 180 20 
174 187 25 167 180 10 
174 187 26 167 180 25 
174 187 29 132 145 34 
174 187 31 167 180 34 
174 187 33 167 180 2 
174 187 34 167 180 21 
174 187 35 132 145 23 
174 187 37 167 180 12 
167 180 2 160 173 3 160 173 29 
167 180 4 132 145 11 
167 180 9 160 173 18 
167 180 11 160 173 12 
167 180 14 160 173 2 
167 180 15 153 166 4 
167 180 17 139 152 5 
167 180 18 153 166 36 
167 180 24 160 173 25 
167 180 25 146 159 19 
167 180 26 160 173 14 
167 180 27 139 152 25 
167 180 32 160 173 24 
167 180 33 160 173 31 
167 180 34 160 173 33 
167 180 38 160 173 26 
167 180 42 160 173 38 160 173 40 
160 173 1 153 166 43 
160 173 4 153 166 15 
160 173 8 146 159 36 
160 173 10 153 166 38 
160 173 11 153 166 1 
160 173 14 153 166 14 
160 173 16 153 166 19 
160 173 17 153 166 9 
160 173 18 153 166 20 
160 173 21 132 145 9 
160 173 24 153 166 23 
160 173 26 146 159 18 
160 173 27 153 166 39 
160 173 29 153 166 24 
160 173 31 132 145 43 
160 173 32 132 145 33 
160 173 33 153 166 21 
160 173 34 153 166 48 
160 173 42 132 145 9 
160 173 43 139 152 30 
153 166 1 146 159 9 
153 166 2 146 159 3 
153 166 4 139 152 6 
153 166 8 132 145 19 
153 166 9 132 145 23 
153 166 14 146 159 13 
153 166 15 146 159 27 146 159 33 
153 166 18 146 159 2 146 159 23 
153 166 19 146 159 25 
153 166 20 132 145 7 
153 166 21 146 159 15 
153 166 24 146 159 28 
153 166 28 146 159 20 
153 166 30 132 145 12 
153 166 35 146 159 6 
153 166 36 146 159 29 
153 166 39 146 159 11 
153 166 40 139 152 35 
153 166 41 146 159 34 
153 166 42 146 159 31 
153 166 43 132 145 34 
153 166 46 132 145 35 
153 166 48 146 159 24 
153 166 49 146 159 35 
153 166 50 146 159 11 
153 166 51 132 145 37 
146 159 7 139 152 9 
146 159 9 139 152 10 
146 159 11 139 152 1 
146 159 13 139 152 12 
146 159 14 139 152 28 
146 159 15 132 145 10 
146 159 23 139 152 8 
146 159 24 139 152 24 
146 159 27 139 152 25 
146 159 28 139 152 24 
146 159 29 132 145 16 
146 159 35 139 152 30 
139 152 1 132 145 46 
139 152 3 132 145 41 
139 152 4 132 145 28 
139 152 8 132 145 32 
139 152 10 132 145 2 
139 152 12 132 145 12 
139 152 24 132 145 31 
139 152 25 132 145 25 132 145 38 
139 152 28 132 145 17 
139 152 30 132 145 35 
