Years;Cluster Id;Cluster generic legend;Cluster specific legend;Terms id;Pseudo-Inclusion;Cluster Size;Density;Number of fathers;Number of sons 
305 318;3933;4;5;4 5 1619 2023;1;1;1;1;0 
305 318;3964;43;1287;1 43 531 966 1287 1497 1874;1;1;1;1;0 
305 318;3986;57;1104;57 649 1104 1350;1;1;1;1;0 
305 318;3993;69;1698;69 1408 1483 1573 1698;1;1;1;1;0 
305 318;3995;69;1179;69 1179 1710 2217;1;1;1;1;0 
305 318;4004;84;1237;84 490 538 710 1237;1;1;1;1;0 
305 318;4023;99;1863;33 99 1863 2257;1;1;1;1;0 
305 318;4026;745;826;99 745 826 1958 2257;1;1;1;1;0 
305 318;4089;180;826;180 826 1895 2257;1;1;1;1;0 
305 318;4098;195;730;179 195 730 1069;1;1;1;1;0 
305 318;4134;251;1179;94 251 1179 2217;1;1;1;1;0 
305 318;4138;144;488;144 177 256 488;1;1;1;1;0 
305 318;4143;554;421;259 421 554 1662;1;1;1;1;0 
305 318;4146;267;1058;267 287 1058 1375;1;1;1;1;0 
305 318;4172;1246;826;298 826 1246 1895 2257;1;1;1;1;0 
305 318;4221;342;826;342 826 1895 2257;1;1;1;1;0 
305 318;4244;362;531;1 362 531 1497 2233;1;1;1;1;0 
305 318;4281;809;2027;443 809 952 1557 2027;1;1;1;1;0 
305 318;4283;448;611;41 448 611 824 2135;1;1;1;1;0 
305 318;4288;454;1858;454 563 1485 1858;1;1;1;1;0 
305 318;4292;1386;181;181 367 457 1386 1896;1;1;1;1;0 
305 318;4293;20;1239;20 457 1239 1386 1517 1732;1;1;1;1;0 
305 318;4294;20;1858;20 457 1485 1858;1;1;1;1;0 
305 318;4320;498;826;498 826 1895 2257;1;1;1;1;0 
305 318;4351;534;1104;534 649 1104 1261 1350;1;1;1;1;0 
305 318;4405;156;2099;156 369 594 2099;1;1;1;1;0 
305 318;4460;655;1179;655 1179 2217 2220;1;1;1;1;0 
305 318;4534;745;826;745 826 1895 2257;1;1;1;1;0 
305 318;4540;747;15;15 492 747 1165;1;1;1;1;0 
305 318;4549;757;422;317 422 720 757;1;1;1;1;0 
305 318;4621;855;1255;325 732 855 1255;1;1;1;1;0 
305 318;4622;855;1255;855 1255 1268 1653;1;1;1;1;0 
305 318;4629;859;2233;531 859 966 2233;1;1;1;1;0 
305 318;4639;885;324;208 324 885 1286;1;1;1;1;0 
305 318;4640;885;907;208 885 907 1286;1;1;1;1;0 
305 318;4645;885;85;85 885 1286 1921;1;1;1;1;0 
305 318;4665;1531;730;179 730 918 1069 1462 1531;1;1;1;1;0 
305 318;4683;925;611;41 611 824 925 2135;1;1;1;1;0 
305 318;4750;1720;2015;1034 1720 1937 2015;1;1;1;1;0 
305 318;4758;1051;1315;763 1051 1117 1315;1;1;1;1;0 
305 318;4808;1096;867;867 1096 1123 1265 2053;1;1;1;1;0 
305 318;4833;1129;1104;649 1104 1129 1350;1;1;1;1;0 
305 318;4845;1246;482;292 298 482 744 1153 1246;1;1;1;1;0 
305 318;4853;1159;1165;492 1159 1165 2122;1;1;1;1;0 
305 318;4874;1198;1104;649 1104 1198 1350;1;1;1;1;0 
305 318;4906;1221;2233;531 966 1221 2233;1;1;1;1;0 
305 318;4919;911;2217;911 1179 1242 2217;1;1;1;1;0 
305 318;4956;1278;177;144 177 256 1278;1;1;1;1;0 
305 318;5008;1311;476;476 932 1213 1311;1;1;1;1;0 
305 318;5014;2250;507;507 1316 1506 2250;1;1;1;1;0 
305 318;5016;1325;85;85 1325 1673 1921;1;1;1;1;0 
305 318;5052;1390;1989;143 435 1390 1743 1818 1989 2276;1;1;1;1;0 
305 318;5063;1406;828;316 828 1364 1406;1;1;1;1;0 
305 318;5069;1483;1698;1408 1483 1679 1698;1;1;1;1;0 
305 318;5084;1817;1224;488 1224 1429 1817;1;1;1;1;0 
305 318;5089;1432;1010;395 410 1010 1432;1;1;1;1;0 
305 318;5090;1437;888;679 888 1437 1658 1660;1;1;1;1;0 
305 318;5112;1459;1630;1038 1436 1459 1630 1665 1778;1;1;1;1;0 
305 318;5113;1459;2044;582 1459 1778 2044;1;1;1;1;0 
305 318;5130;1408;324;324 1408 1483 1679;1;1;1;1;0 
305 318;5143;43;2233;1 43 531 966 1497 2233;1;1;1;1;0 
305 318;5164;1511;1569;1038 1436 1511 1569;1;1;1;1;0 
305 318;5225;1585;730;179 730 1069 1585;1;1;1;1;0 
305 318;5238;1595;2015;313 587 766 1595 1599 2015;1;1;1;1;0 
305 318;5248;1612;828;611 828 1612 2135;1;1;1;1;0 
305 318;5261;1636;611;41 611 824 925 1636 1764;1;1;1;1;0 
305 318;5271;704;2203;277 704 1659 2203;1;1;1;1;0 
305 318;5276;1662;421;228 259 421 1662;1;1;1;1;0 
305 318;5294;1672;730;179 730 1069 1672;1;1;1;1;0 
305 318;5300;1676;1701;748 1676 1701 2169;1;1;1;1;0 
305 318;5330;1722;416;67 416 1033 1722;1;1;1;1;0 
305 318;5333;1722;1165;492 1165 1722 1850 2122;1;1;1;1;0 
305 318;5350;1764;828;828 1218 1764 1851;1;1;1;1;0 
305 318;5380;1778;1569;1038 1436 1569 1778;1;1;1;1;0 
305 318;5407;1825;1179;516 939 1179 1825 1960 2217;1;1;1;1;0 
305 318;5451;1874;531;1 531 966 1497 1874 2233;1;1;1;1;0 
305 318;5457;1369;594;178 594 1079 1369 1881;1;1;1;1;0 
305 318;5485;1905;2282;966 1905 2233 2282;1;1;1;1;0 
305 318;5541;1988;1013;233 1013 1988 2280;1;1;1;1;0 
305 318;5566;1233;1693;665 1233 1693 2029;1;1;1;1;0 
305 318;5616;2075;1619;657 1619 2023 2075;1;1;1;1;0 
305 318;5626;2088;1179;94 1179 2088 2217;1;1;1;1;0 
305 318;5637;2098;1412;1013 1412 1492 2098;1;1;1;1;0 
305 318;5666;2141;81;75 81 231 2141;1;1;1;1;0 
305 318;5690;2166;416;416 1106 1379 1850 2122 2166;1;1;1;1;0 
305 318;5704;2184;730;179 730 1069 2184;1;1;1;1;0 
305 318;5748;2250;1752;507 1316 1752 2250;1;1;1;1;0 
305 318;5754;708;2092;259 708 1662 2092 2256;1;1;1;1;0 
298 311;3933;4;5;4 5 1619 2023;1;1;1;1;1 
298 311;3942;1427;403;19 59 162 218 241 403 653 746 773 1034 1143 1172 1280 1316 1422 1423 1427 1567 1720 1752 1777 1871 2028 2033 2212;1;1;1;2;0 
298 311;3964;1874;966;1 43 531 966 1287 1497 1874;1;1;1;2;1 
298 311;3986;57;1104;57 649 1104 1350;1;1;1;1;1 
298 311;3993;69;1698;69 1408 1483 1573 1698;1;1;1;1;1 
298 311;3995;69;1179;69 1179 1710 2217;1;1;1;1;1 
298 311;4004;84;710;84 490 538 710 1237;1;1;1;1;1 
298 311;4023;2257;1863;33 99 1863 2257;1;1;1;1;1 
298 311;4026;745;826;99 745 826 1958 2257;1;1;1;1;1 
298 311;4089;180;1895;180 826 1895 2257;1;1;1;1;1 
298 311;4098;195;730;179 195 730 1069;1;1;1;2;1 
298 311;4134;251;1179;94 251 1179 2217;1;1;1;1;1 
298 311;4138;256;177;144 177 256 488;1;1;1;1;1 
298 311;4143;554;421;259 421 554 1662;1;1;1;1;1 
298 311;4146;267;1058;267 287 1058 1375;1;1;1;1;1 
298 311;4172;1246;1895;298 826 1246 1895 2257;1;1;1;2;1 
298 311;4221;342;1895;342 826 1895 2257;1;1;1;1;1 
298 311;4244;1497;2233;1 362 531 1497 2233;1;1;1;1;1 
298 311;4281;809;2027;443 809 952 1557 2027;1;1;1;1;1 
298 311;4283;448;2135;41 448 611 824 2135;1;1;1;1;1 
298 311;4288;126;1858;454 563 1485 1858;1;1;1;1;1 
298 311;4292;1386;181;181 367 457 1386 1896;1;1;1;1;1 
298 311;4293;20;1239;20 457 1239 1386 1517 1732;1;1;1;1;1 
298 311;4294;20;1858;20 457 1485 1858;1;1;1;1;1 
298 311;4320;498;1895;498 826 1895 2257;1;1;1;1;1 
298 311;4351;534;1104;534 649 1104 1261 1350;1;1;1;1;1 
298 311;4405;156;369;156 369 594 2099;1;1;1;1;1 
298 311;4460;655;1179;655 1179 2217 2220;1;1;1;1;1 
298 311;4534;745;1895;745 826 1895 2257;1;1;1;1;1 
298 311;4540;747;15;15 492 747 1165;1;1;1;1;1 
298 311;4549;757;720;317 422 720 757;1;1;1;1;1 
298 311;4621;855;325;325 732 855 1255;1;1;1;1;1 
298 311;4622;855;1268;855 1255 1268 1653;1;1;1;1;1 
298 311;4629;859;966;531 859 966 2233;1;1;1;1;1 
298 311;4639;885;208;208 324 885 1286;1;1;1;1;1 
298 311;4640;885;907;208 885 907 1286;1;1;1;1;1 
298 311;4645;885;85;85 885 1286 1921;1;1;1;1;1 
298 311;4665;1462;730;179 730 918 1069 1462 1531;1;1;1;2;1 
298 311;4683;925;2135;41 611 824 925 2135;1;1;1;1;1 
298 311;4741;1086;425;5 171 181 191 425 430 451 486 529 641 683 779 884 1022 1086 1123 1168 1189 1265 1373 1424 1435 1609 2023 2053 2247 2279;1;1;1;2;0 
298 311;4750;1720;1034;1034 1720 1937 2015;1;1;1;1;1 
298 311;4758;763;1315;763 1051 1117 1315;1;1;1;1;1 
298 311;4808;1096;867;867 1096 1123 1265 2053;1;1;1;1;1 
298 311;4829;1086;1123;1086 1123 1372 1513 1534 2055;1;1;1;1;0 
298 311;4833;1129;1104;649 1104 1129 1350;1;1;1;1;1 
298 311;4839;1134;2181;907 1134 1433 2130 2181;1;1;1;1;0 
298 311;4844;1147;2007;433 1147 1680 1868 2007 2197;1;1;1;1;0 
298 311;4845;1246;482;292 298 482 744 1153 1246;1;1;1;1;1 
298 311;4853;1159;2122;492 1159 1165 2122;1;1;1;1;1 
298 311;4874;1198;1104;649 1104 1198 1350;1;1;1;1;1 
298 311;4906;1221;966;531 966 1221 2233;1;1;1;1;1 
298 311;4919;911;1179;911 1179 1242 2217;1;1;1;1;1 
298 311;4937;1086;425;5 171 181 191 425 430 451 486 529 641 683 779 813 867 884 935 1010 1022 1086 1123 1189 1265 1335 1373 1424 1609 2023 2053 2247 2279;1;1;1;2;0 
298 311;4956;1278;177;144 177 256 1278;1;1;1;1;1 
298 311;5008;1311;476;476 932 1213 1311;1;1;1;1;1 
298 311;5014;2250;507;507 1316 1506 2250;1;1;1;1;1 
298 311;5016;1325;85;85 1325 1673 1921;1;1;1;1;1 
298 311;5052;143;1743;143 435 1390 1743 1818 1989 2276;1;1;1;1;1 
298 311;5063;1406;1364;316 828 1364 1406;1;1;1;1;1 
298 311;5069;1483;1698;1408 1483 1679 1698;1;1;1;1;1 
298 311;5084;1817;1224;488 1224 1429 1817;1;1;1;1;1 
298 311;5089;1432;410;395 410 1010 1432;1;1;1;1;1 
298 311;5090;1437;888;679 888 1437 1658 1660;1;1;1;1;1 
298 311;5112;1459;1038;1038 1436 1459 1630 1665 1778;1;1;1;1;1 
298 311;5113;1459;2044;582 1459 1778 2044;1;1;1;1;1 
298 311;5124;1914;145;8 145 151 152 159 314 454 585 649 945 1004 1005 1152 1388 1470 1719 1914;1;1;1;2;0 
298 311;5130;1483;324;324 1408 1483 1679;1;1;1;1;1 
298 311;5143;1497;966;1 43 531 966 1497 2233;1;1;1;2;1 
298 311;5164;1511;1569;1038 1436 1511 1569;1;1;1;1;1 
298 311;5198;1553;1389;144 177 256 1389 1553;1;1;1;1;0 
298 311;5225;1585;730;179 730 1069 1585;1;1;1;2;1 
298 311;5238;1595;1599;313 587 766 1595 1599 2015;1;1;1;1;1 
298 311;5248;1612;828;611 828 1612 2135;1;1;1;1;1 
298 311;5261;1636;611;41 611 824 925 1636 1764;1;1;1;1;1 
298 311;5271;1659;2203;277 704 1659 2203;1;1;1;1;1 
298 311;5276;228;421;228 259 421 1662;1;1;1;1;1 
298 311;5294;1672;730;179 730 1069 1672;1;1;1;2;1 
298 311;5333;1722;2122;492 1165 1722 1850 2122;1;1;1;2;1 
298 311;5342;428;1989;428 536 1684 1701 1749 1989;1;1;1;1;0 
298 311;5350;1764;828;828 1218 1764 1851;1;1;1;1;1 
298 311;5380;1778;1569;1038 1436 1569 1778;1;1;1;1;1 
298 311;5407;1825;1179;516 939 1179 1825 1960 2217;1;1;1;2;1 
298 311;5410;1827;1180;321 414 1131 1180 1827;1;1;1;1;0 
298 311;5451;1874;966;1 531 966 1497 1874 2233;1;1;1;1;1 
298 311;5457;1369;594;178 594 1079 1369 1881;1;1;1;1;1 
298 311;5485;1905;966;966 1905 2233 2282;1;1;1;1;1 
298 311;5541;1988;1013;233 1013 1988 2280;1;1;1;1;1 
298 311;5566;1233;1693;665 1233 1693 2029;1;1;1;1;1 
298 311;5616;2075;1619;657 1619 2023 2075;1;1;1;1;1 
298 311;5626;2088;1179;94 1179 2088 2217;1;1;1;1;1 
298 311;5637;2098;1013;1013 1412 1492 2098;1;1;1;1;1 
298 311;5666;231;75;75 81 231 2141;1;1;1;1;1 
298 311;5690;2166;416;416 1106 1379 1850 2122 2166;1;1;1;1;1 
298 311;5704;2184;730;179 730 1069 2184;1;1;1;2;1 
298 311;5748;1316;1752;507 1316 1752 2250;1;1;1;1;1 
298 311;5754;708;2256;259 708 1662 2092 2256;1;1;1;1;1 
291 304;3702;4;1679;4 377 1679 1831;1;1;1;1;0 
291 304;3711;688;2260;20 251 310 390 434 436 484 619 688 789 882 938 1154 1454 1550 1662 1721 1892 2260;1;1;1;1;0 
291 304;3714;2003;2004;7 24 414 1660 1814 1985 2003 2004 2172 2237;1;1;1;2;0 
291 304;3754;84;205;84 205 375 761;1;1;1;1;0 
291 304;3762;1233;507;87 507 984 1233 1683;1;1;1;1;0 
291 304;3776;94;2220;94 1179 2217 2220;1;1;1;0;2 
291 304;3777;99;491;99 491 1253 1601;1;1;1;1;0 
291 304;3780;1330;1895;99 180 298 342 482 624 638 744 745 826 1153 1246 1330 1863 1895 2093 2123 2176 2244 2257;1;1;1;2;0 
291 304;3782;102;1235;102 1039 1235 1863;1;1;1;1;0 
291 304;3848;180;1863;180 745 826 1863 1895 1947 2257;1;1;1;1;5 
291 304;3857;121;730;121 179 195 730;1;1;1;0;1 
291 304;3898;251;1710;251 1179 1710 2217;1;1;1;0;1 
291 304;3991;367;1265;181 367 1265 1896;1;1;1;0;1 
291 304;4028;430;1022;430 1022 1123 1168 1189;1;1;1;1;0 
291 304;4035;434;1375;267 287 434 1058 1375;1;1;1;0;1 
291 304;4050;20;457;20 454 457 1485 1858;1;1;1;0;1 
291 304;4051;20;2083;20 457 1239 2083;1;1;1;0;1 
291 304;4068;477;846;477 716 846 1807;1;1;1;1;0 
291 304;4084;1722;492;109 483 492 1722;1;1;1;1;0 
291 304;4122;534;1350;534 1104 1261 1350;1;1;1;0;1 
291 304;4213;655;2220;655 1179 2217 2220;1;1;1;0;1 
291 304;4262;574;1374;574 707 1374 1890;1;1;1;1;0 
291 304;4277;704;1115;704 719 1024 1115 2203;1;1;1;1;0 
291 304;4301;1427;2212;87 507 665 746 1233 1427 2212;1;1;1;1;1 
291 304;4303;15;2122;15 492 747 1165 2122;1;1;1;0;1 
291 304;4314;422;720;422 720 757 1240 2172;1;1;1;0;1 
291 304;4328;763;1051;763 1051 1127 1315;1;1;1;0;1 
291 304;4334;518;485;37 123 313 335 406 485 494 517 518 539 587 650 766 1034 1071 1232 1392 1461 1595 1599 1640 1720 1763 1891 1937 1971 2015 2080 2171 2248;1;1;1;2;0 
291 304;4357;1468;2027;299 809 952 1468 1850 2027;1;1;1;1;1 
291 304;4363;2135;828;611 822 828 2135;1;1;1;0;2 
291 304;4387;1990;850;338 751 850 854 1615 1990;1;1;1;1;0 
291 304;4406;85;1921;85 204 885 1921;1;1;1;0;1 
291 304;4409;889;177;177 716 889 1807 2198;1;1;1;1;0 
291 304;4424;911;1242;911 1179 1242 2217;1;1;1;1;1 
291 304;4433;1662;259;259 421 921 1662;1;1;1;0;2 
291 304;4441;2135;828;41 611 824 828 925 2135;1;1;1;0;3 
291 304;4447;939;2217;939 1179 1960 2217;1;1;1;0;1 
291 304;4517;1720;1235;939 1034 1039 1235 1454 1720;1;1;1;2;0 
291 304;4519;1718;988;988 1039 1718 1837;1;1;1;1;0 
291 304;4522;156;1042;156 369 594 1042;1;1;1;0;1 
291 304;4549;121;1069;121 179 730 1069;1;1;1;0;4 
291 304;4576;1096;1265;334 867 1096 1265;1;1;1;0;1 
291 304;4602;1129;57;57 1104 1129 1261 1350;1;1;1;0;2 
291 304;4622;492;2122;492 1159 1165 2122;1;1;1;0;2 
291 304;4647;57;1350;57 1104 1198 1261 1350;1;1;1;0;1 
291 304;4693;1240;988;988 1227 1240 1837;1;1;1;1;0 
291 304;4702;1246;1863;1246 1863 1895 1947 2257;1;1;1;0;1 
291 304;4741;1278;1759;144 716 1229 1278 1759 1814;1;1;1;1;0 
291 304;4745;1278;144;144 177 256 1278;1;1;1;1;3 
291 304;4781;406;696;264 406 696 1301;1;1;1;1;0 
291 304;4783;406;973;406 785 973 974 1301;1;1;1;1;0 
291 304;4817;1325;1921;85 204 1325 1921;1;1;1;0;1 
291 304;4830;1369;1881;66 594 1369 1881;1;1;1;0;1 
291 304;4835;1385;2045;134 207 447 1385 1404 1639 1648 2045 2206;1;1;1;1;0 
291 304;4857;1406;316;316 576 828 1406;1;1;1;0;1 
291 304;4880;1427;1752;229 507 1316 1427 1567 1752;1;1;1;2;0 
291 304;4890;395;1432;395 410 683 1432;1;1;1;0;1 
291 304;4922;1483;32;32 1408 1483 1573;1;1;1;0;1 
291 304;4923;1483;44;44 1483 1679 1698;1;1;1;0;1 
291 304;4924;126;1858;454 563 1485 1858;1;1;1;0;1 
291 304;4932;1497;1151;43 966 1151 1452 1497 2233;1;1;1;0;2 
291 304;4944;1038;1569;1038 1436 1511 1569;1;1;1;0;1 
291 304;4971;1553;2259;315 889 1553 1807 2259;1;1;1;1;0 
291 304;4996;1572;1189;457 1022 1189 1386 1572 2285;1;1;1;1;0 
291 304;5001;121;1585;121 179 730 1585;1;1;1;0;1 
291 304;5020;1272;5;5 191 324 1123 1272 1619 2023;1;1;1;1;0 
291 304;5030;1628;918;730 918 1531 1628;1;1;1;0;1 
291 304;5031;1628;918;179 730 918 1628;1;1;1;0;1 
291 304;5054;1924;259;259 1662 1924 1984 2256;1;1;1;1;0 
291 304;5067;121;1672;121 179 730 1672;1;1;1;0;1 
291 304;5069;1680;1165;278 462 1165 1675 1680 1804;1;1;1;2;0 
291 304;5090;1712;1261;1261 1280 1662 1712;1;1;1;1;0 
291 304;5102;1722;492;67 492 1524 1722 1850;1;1;1;1;0 
291 304;5111;745;1863;745 1732 1863 1947;1;1;1;1;0 
291 304;5129;2135;828;824 828 1218 1764 2135;1;1;1;0;1 
291 304;5138;1774;988;988 1039 1774 1863;1;1;1;1;0 
291 304;5146;1038;1778;1038 1436 1569 1778;1;1;1;0;2 
291 304;5147;1990;2044;582 854 1778 1951 1990 2044;1;1;1;0;1 
291 304;5185;1429;1224;488 721 1224 1429 1817;1;1;1;0;1 
291 304;5189;1825;939;939 1179 1454 1825 2217;1;1;1;0;1 
291 304;5212;130;1850;130 476 1213 1311 1850;1;1;1;0;1 
291 304;5214;1722;492;492 1722 1850 2122;1;1;1;1;1 
291 304;5225;1874;1;1 531 966 1874 2233;1;1;1;1;6 
291 304;5230;1344;2004;24 255 414 1344 1660 1875 1876 1985 2004 2172;1;1;1;2;0 
291 304;5264;1905;378;378 966 1905 2233;1;1;1;0;1 
291 304;5296;1935;884;5 884 1123 1935;1;1;1;1;2 
291 304;5367;2029;665;665 1233 2006 2029;1;1;1;0;1 
291 304;5416;2067;1756;152 314 790 1756 2067;1;1;1;1;0 
291 304;5427;1123;5;5 1123 1619 2023 2075;1;1;1;0;2 
291 304;5438;259;2091;194 259 1662 2091 2093;1;1;1;1;0 
291 304;5440;2093;259;259 1662 2093 2256;1;1;1;1;1 
291 304;5465;1444;717;717 1132 1444 2119;1;1;1;1;0 
291 304;5467;2119;1958;477 717 1958 2119;1;1;1;1;0 
291 304;5482;75;2141;75 81 231 2141;1;1;1;0;1 
291 304;5507;1850;1379;416 1106 1379 1850 2122 2166;1;1;1;0;1 
291 304;5527;121;2184;121 179 730 2184;1;1;1;0;1 
291 304;5567;2250;507;507 1316 2175 2250;1;1;1;0;2 
291 304;5573;2251;1658;1437 1658 1660 2251;1;1;1;0;1 
284 297;3681;20;1189;20 457 1189 1386;1;1;1;2;1 
284 297;3747;99;1253;99 491 857 1253;1;1;1;1;1 
284 297;3752;102;252;102 252 1039 1235;1;1;1;1;1 
284 297;3772;406;111;111 131 406 696;1;1;1;1;0 
284 297;3925;20;999;20 342 999 1293 1386 1583;1;1;1;2;0 
284 297;3994;1964;1958;432 1896 1958 1964 1992;1;1;1;1;0 
284 297;4013;1386;1583;457 656 1386 1583;1;1;1;1;0 
284 297;4040;484;252;252 484 564 939 1034 1235 1454 1479;1;1;1;2;0 
284 297;4041;484;252;252 484 564 1034 1039 1235 1454 1479;1;1;1;2;0 
284 297;4089;554;1316;507 554 1316 1752 2129;1;1;1;1;1 
284 297;4116;574;1374;574 707 1166 1374;1;1;1;1;1 
284 297;4163;640;1316;554 640 1316 1752 2129;1;1;1;1;0 
284 297;4170;647;2237;24 647 1985 2004 2237;1;1;1;2;2 
284 297;4204;704;1569;704 1024 1115 1569 2203;1;1;1;1;1 
284 297;4238;745;1354;734 745 1354 1732;1;1;1;1;0 
284 297;4264;763;252;252 484 564 763 1235 1454;1;1;1;2;0 
284 297;4292;808;442;442 446 521 808 1398 1416 1494 1513 1695 2036 2261;1;1;1;1;0 
284 297;4322;1990;854;650 854 1951 1990;1;1;1;1;0 
284 297;4331;855;1457;855 1255 1457 1653;1;1;1;0;1 
284 297;4391;951;765;65 765 850 951;1;1;1;1;0 
284 297;4468;1051;252;252 484 1051 1235 1479;1;1;1;2;0 
284 297;4537;2101;1827;1131 1180 1827 2101;1;1;1;1;1 
284 297;4540;1134;1441;907 1134 1441 2181;1;1;1;1;1 
284 297;4604;1240;206;206 988 1240 1837;1;1;1;1;1 
284 297;4648;1278;671;144 671 1278 1759;1;1;1;1;1 
284 297;4673;406;663;406 548 663 1301;1;1;1;1;0 
284 297;4733;2003;414;24 414 1397 1660 1875 1876 1985 2003;1;1;1;1;2 
284 297;4782;1444;743;743 1444 1726 2047;1;1;1;1;0 
284 297;4785;745;717;477 717 745 1354 1444 2119;1;1;1;1;0 
284 297;4797;1454;252;252 564 939 1034 1039 1235 1454;1;1;1;2;1 
284 297;4810;1595;766;123 236 313 335 406 485 517 539 766 1071 1232 1461 1595 1599 1684 1720 1891 2015 2080 2224;1;1;1;2;1 
284 297;4857;1527;846;658 716 846 1527 1807;1;1;1;1;1 
284 297;4926;325;240;240 325 1653 2031 2229;1;1;1;1;0 
284 297;4969;1718;206;206 988 1718 1837;1;1;1;1;1 
284 297;4974;1034;252;252 564 939 1034 1039 1235 1720;1;1;1;2;1 
284 297;4976;1722;67;67 109 492 1722;1;1;1;2;2 
284 297;4989;1749;1701;1231 1684 1701 1749;1;1;1;1;1 
284 297;5005;1235;988;988 1039 1235 1774;1;1;1;1;1 
284 297;5039;1804;1165;278 1165 1675 1804;1;1;1;1;1 
284 297;5081;531;1;1 531 1771 1874;1;1;1;0;1 
284 297;5120;1914;1005;1005 1193 1719 1914;1;1;1;1;0 
284 297;5168;745;1863;745 1732 1863 1958 1964;1;1;1;1;1 
284 297;5294;1444;1354;717 734 1354 1444 2119;1;1;1;1;0 
284 297;5296;1444;1958;717 1444 1958 2119;1;1;1;1;2 
284 297;5434;2280;1013;574 1013 1988 2280;1;1;1;1;1 
277 290;3797;20;171;20 171 457 1386;1;1;1;1;1 
277 290;3812;42;1749;42 1231 1701 1749;1;1;1;0;2 
277 290;3826;49;1228;49 305 1228 1945;1;1;1;1;0 
277 290;3873;99;2257;99 745 1354 2257;1;1;1;1;0 
277 290;3916;1278;376;144 256 376 1278;1;1;1;1;1 
277 290;4038;1210;273;63 147 261 273 307 363 373 431 449 494 622 645 713 813 962 1025 1210 1345 1392 1538 1767 1818 1821 1826 1999;1;1;1;2;0 
277 290;4065;2166;2225;346 939 1412 1492 1860 2148 2166 2225;1;1;1;1;0 
277 290;4070;349;696;349 515 696 1780 1920;1;1;1;1;0 
277 290;4156;451;1189;171 451 1189 1928;1;1;1;1;0 
277 290;4157;1914;959;454 959 1005 1081 1152 1193 1470 1719 1914;1;1;1;1;1 
277 290;4189;763;1720;252 484 564 763 1720;1;1;1;2;3 
277 290;4202;307;273;143 216 273 307 449 510 813 998 1000 1025 1092 1210 1345 1392 1601 1767 1818 1989 2008 2170 2173;1;1;1;2;0 
277 290;4210;518;611;518 611 728 1321;1;1;1;1;0 
277 290;4211;518;973;518 973 1301 1699;1;1;1;1;0 
277 290;4214;522;2122;67 492 522 1033 2122;1;1;1;1;0 
277 290;4303;639;87;87 639 1009 1233;1;1;1;1;0 
277 290;4305;639;87;87 554 639 1009;1;1;1;1;0 
277 290;4360;406;111;111 406 448 696;1;1;1;1;0 
277 290;4361;406;111;111 406 696 1301;1;1;1;1;2 
277 290;4395;731;2253;155 731 1858 2253;1;1;1;1;0 
277 290;4478;1850;2207;299 709 809 1850 2207;1;1;1;0;1 
277 290;4495;825;1746;761 825 1746 2134;1;1;1;1;0 
277 290;4525;1302;1457;205 855 1302 1457;1;1;1;1;0 
277 290;4528;1302;732;732 855 1302 1653 2134;1;1;1;2;0 
277 290;4591;923;252;252 923 1039 1235 1720;1;1;1;0;4 
277 290;4670;1019;2062;11 47 61 105 188 264 270 280 378 557 612 750 780 799 1019 1047 1238 1394 1577 1578 1686 1736 1810 1859 2062;1;1;1;1;0 
277 290;4683;1454;252;252 1034 1039 1235 1454 1720;1;1;1;0;6 
277 290;4704;484;1720;252 484 1034 1051 1720;1;1;1;2;1 
277 290;4754;947;1736;124 276 442 447 467 556 599 602 677 826 947 1007 1105 1131 1180 1643 1695 1736 1859 2079 2101 2151 2252 2282;1;1;1;1;0 
277 290;4760;1114;2253;155 1114 1858 2253;1;1;1;1;0 
277 290;4784;1136;1154;675 1136 1154 2066;1;1;1;1;0 
277 290;4792;1156;1699;111 1156 1699 2162;1;1;1;1;0 
277 290;4856;1236;970;563 585 970 1236 1661 1669 2083 2107;1;1;1;2;0 
277 290;4860;1019;1810;11 47 105 188 280 378 557 730 799 1019 1047 1238 1319 1394 1577 1810 1859 2062;1;1;1;1;0 
277 290;4898;1278;144;144 669 671 1278;1;1;1;1;1 
277 290;4934;406;111;111 406 1301 1558;1;1;1;1;0 
277 290;4935;406;476;406 476 518 1301;1;1;1;1;0 
277 290;4937;406;973;406 715 973 1301 1699;1;1;1;1;1 
277 290;4938;406;800;111 406 448 518 800 1301;1;1;1;1;0 
277 290;5010;1675;1165;1165 1205 1386 1675 1804 1982;1;1;1;1;1 
277 290;5012;20;1386;20 457 1386 1583;1;1;1;1;2 
277 290;5014;20;1189;20 171 999 1189 1386;1;1;1;0;1 
277 290;5023;808;1686;56 212 303 442 446 483 521 545 610 647 663 780 808 852 888 1398 1482 1534 1578 1603 1651 1686 1695 1783 1940 2261;1;1;1;2;1 
277 290;5081;1444;1966;743 1444 1966 2047 2119;1;1;1;1;1 
277 290;5082;745;717;717 745 1354 1444 2119;1;1;1;1;3 
277 290;5115;1461;611;448 611 728 1321 1461;1;1;1;1;0 
277 290;5173;1524;67;67 492 1033 1524 1722 1800;1;1;1;2;2 
277 290;5177;1972;846;846 1527 1807 1972;1;1;1;0;1 
277 290;5274;2031;51;51 534 1302 1457 1653 2031;1;1;1;1;0 
277 290;5278;1302;732;534 732 761 1302 1653 2134;1;1;1;1;0 
277 290;5300;1694;2253;155 731 916 1694 2253;1;1;1;1;0 
277 290;5326;1722;109;109 492 1722 1800;1;1;1;1;1 
277 290;5369;1235;252;252 1039 1235 1720 1774;1;1;1;0;2 
277 290;5509;1923;1549;346 1013 1549 1923;1;1;1;1;0 
277 290;5577;2280;1013;1013 1412 1988 2280;1;1;1;0;1 
277 290;5581;1595;850;751 850 1595 1757 1990 2104;1;1;1;1;1 
277 290;5593;227;2207;36 167 227 299 709 772 1360 1402 1996 2186 2207;1;1;1;2;0 
277 290;5668;2093;1477;194 259 1477 2093;1;1;1;1;1 
277 290;5675;1492;1412;1412 1492 1792 2098;1;1;1;0;1 
277 290;5728;2166;252;252 939 1034 2166;1;1;1;0;2 
277 290;5731;2166;1549;346 1013 1549 2166;1;1;1;1;0 
277 290;5772;1897;1052;201 247 476 732 1052 1141 1382 1897 2221;1;1;1;2;0 
277 290;5807;2262;2237;903 2003 2237 2262;1;1;1;1;0 
270 283;4004;69;422;69 422 720 741 1687;1;1;1;1;0 
270 283;4005;1614;417;76 81 84 211 318 417 501 566 637 822 837 1076 1186 1290 1302 1572 1614 1812 2024 2140;1;1;1;1;0 
270 283;4030;99;948;99 745 948 1651 1736 2062 2119 2257;1;1;1;4;0 
270 283;4054;131;973;131 518 973 1301;1;1;1;1;1 
270 283;4083;170;1719;170 959 1081 1719;1;1;1;0;1 
270 283;4116;197;1308;197 264 355 675 1120 1154 1308 1590 2066;1;1;1;1;1 
270 283;4218;342;482;342 482 1153 1246 2257;1;1;1;1;2 
270 283;4220;1860;2225;346 939 1412 1860 2225;1;1;1;1;1 
270 283;4266;1301;973;147 406 973 1301;1;1;1;0;1 
270 283;4288;307;897;63 85 307 427 431 449 622 800 897 1000 1025 1092 1818 1821 1866 1893 1999;1;1;1;1;1 
270 283;4291;1086;1678;5 430 451 479 486 529 864 884 1022 1086 1123 1265 1373 1476 1616 1621 1678 2023 2156 2247;1;1;1;2;0 
270 283;4293;1246;292;292 432 1246 2257;1;1;1;1;0 
270 283;4307;499;515;111 448 499 515;1;1;1;1;0 
270 283;4320;1280;782;461 782 1261 1280;1;1;1;1;0 
270 283;4345;763;1720;484 529 763 1034 1720;1;1;1;0;3 
270 283;4346;484;1367;252 484 1367 1720;1;1;1;1;2 
270 283;4360;1289;1945;272 305 462 475 506 586 717 745 896 1029 1063 1145 1165 1205 1228 1289 1613 1633 1671 1675 1680 1681 1945 1966 1982 2075 2272;1;1;1;1;0 
270 283;4440;585;2174;563 585 1669 2174;1;1;1;1;1 
270 283;4488;639;507;87 507 554 639 1009 2029;1;1;1;1;1 
270 283;4491;639;507;87 507 639 1009 1233 2029;1;1;1;1;2 
270 283;4492;59;507;59 87 507 639;1;1;1;1;0 
270 283;4536;406;2104;406 696 2104 2162;1;1;1;1;0 
270 283;4560;704;277;277 704 719 2203;1;1;1;1;1 
270 283;4612;763;1367;484 763 1367 1720;1;1;1;1;1 
270 283;4688;1302;732;732 761 855 1302 2134;1;1;1;1;1 
270 283;4690;855;51;51 534 831 855 1302 1457 2134;1;1;1;1;1 
270 283;4718;911;1410;776 911 1242 1410;1;1;1;1;0 
270 283;4742;947;133;133 276 372 455 467 495 686 697 947 1105 1704 1736 1830 1857 1924 2062 2079 2151 2282;1;1;1;1;0 
270 283;4757;1778;854;854 979 1778 1951 1990;1;1;1;1;1 
270 283;4793;346;1549;346 1013 1549 1797 2280;1;1;1;1;0 
270 283;4843;1054;2001;1054 1123 1265 2001;1;1;1;1;0 
270 283;4898;947;133;124 133 276 455 467 495 686 910 947 1105 1316 1319 1478 1704 1736 1859 1924 2062 2079 2151 2212 2274 2282;1;1;1;1;1 
270 283;4923;1134;2181;313 907 1134 2181;1;1;1;0;1 
270 283;4991;1210;2018;63 261 273 307 449 479 569 800 813 897 1000 1025 1210 1345 1521 1601 1682 1736 1767 1821 1866 1953 2018 2062 2069 2170;1;1;1;2;2 
270 283;5018;1236;1305;469 585 970 1236 1305;1;1;1;1;1 
270 283;5025;1019;1810;9 47 264 280 730 766 1019 1047 1238 1275 1347 1368 1394 1711 1736 1810 1859 2062 2179;1;1;1;1;0 
270 283;5043;1260;257;115 130 213 227 257 299 309 404 443 670 809 837 838 883 1075 1186 1237 1260 1310 1324 1379 1468 1663 1769 1815 1912 1930 2052 2207;1;1;1;2;0 
270 283;5105;1301;696;341 696 705 1301 1459;1;1;1;1;0 
270 283;5133;1320;748;421 647 748 1320 1638 1701 1771 2169;1;1;1;2;0 
270 283;5156;1402;36;36 130 299 1360 1402 1996 2128;1;1;1;2;1 
270 283;5175;20;1451;20 457 1386 1451;1;1;1;0;1 
270 283;5194;1802;1976;1398 1482 1686 1783 1802 1976 2261;1;1;1;0;1 
270 283;5262;1454;397;397 1034 1454 1720 1937;1;1;1;1;1 
270 283;5271;341;696;341 696 1459 2162;1;1;1;1;0 
270 283;5274;43;1702;10 43 151 163 203 469 573 693 779 821 867 1018 1143 1305 1342 1419 1462 1485 1609 1642 1657 1702 1719 1907 1983;1;1;1;2;0 
270 283;5310;2003;2004;973 1497 1985 2003 2004 2237;1;1;1;1;0 
270 283;5311;2003;2237;647 973 1497 2003 2237;1;1;1;1;0 
270 283;5412;2176;280;280 1320 1579 2176;1;1;1;1;0 
270 283;5414;1579;2066;436 599 882 1001 1154 1262 1579 2066;1;1;1;1;1 
270 283;5430;1607;1165;1165 1205 1607 1675;1;1;1;0;1 
270 283;5435;2003;2004;973 1612 1985 2003 2004 2237;1;1;1;1;0 
270 283;5457;1131;446;212 446 1131 1634 1695;1;1;1;0;1 
270 283;5476;1302;732;732 761 1302 1653 2134;1;1;1;1;2 
270 283;5481;1660;2004;973 1660 1985 2004 2237;1;1;1;1;0 
270 283;5532;1722;696;341 696 705 1722 2162;1;1;1;1;0 
270 283;5539;1722;67;67 492 1722 2122;1;1;1;2;3 
270 283;5585;1524;45;45 1524 1722 1800 2053;1;1;1;0;2 
270 283;5640;1850;772;772 1360 1850 1996 2027 2207;1;1;1;1;1 
270 283;5687;1905;748;647 748 1638 1701 1771 1905 2169;1;1;1;1;1 
270 283;5708;1920;515;111 515 696 1920;1;1;1;1;1 
270 283;5716;1923;1549;346 1013 1549 1923;1;1;1;1;2 
270 283;5780;1996;772;299 772 822 1186 1402 1996;1;1;1;1;0 
270 283;5828;2031;51;51 65 1457 2031;1;1;1;1;1 
270 283;5893;2093;1477;194 259 708 1477 2093;1;1;1;1;1 
270 283;5912;2115;2004;973 1985 2004 2115 2237;1;1;1;1;1 
270 283;5951;2166;1013;346 1013 1797 2166;1;1;1;1;0 
270 283;5963;2176;280;280 371 1579 2176;1;1;1;1;0 
270 283;5984;1897;2221;476 800 1897 2221;1;1;1;1;1 
270 283;6026;2262;2237;647 973 1985 2237 2262;1;1;1;0;1 
263 276;3953;2;1189;2 28 203 430 471 529 689 774 1030 1123 1189 1616 1628 1678 1717 1819 2023 2249;1;1;1;1;1 
263 276;3991;48;782;48 782 1394 1404 1639;1;1;1;1;0 
263 276;4040;99;1165;99 298 432 746 1165 1444;1;1;1;1;0 
263 276;4042;432;371;99 298 371 432 1964;1;1;1;1;0 
263 276;4043;99;2257;99 1651 1811 2257;1;1;1;1;1 
263 276;4045;745;1354;99 298 743 745 1354 1732 2119;1;1;1;2;3 
263 276;4046;99;2257;99 745 887 948 2119 2244 2257;1;1;1;1;1 
263 276;4150;244;1189;171 244 1189 2266;1;1;1;1;0 
263 276;4162;2093;259;259 708 1477 2093;1;1;1;0;1 
263 276;4236;341;696;111 167 341 696 1156 1459 2104 2162;1;1;1;2;1 
263 276;4237;1459;696;341 696 705 1459;1;1;1;1;2 
263 276;4243;342;1863;292 342 1246 1863;1;1;1;1;0 
263 276;4246;1860;1053;346 1053 1860 2225;1;1;1;0;1 
263 276;4255;356;1526;143 147 261 307 356 396 398 427 520 560 897 1000 1025 1061 1092 1210 1225 1521 1526 1581 1742 1743 1767 1818 1821 1823 1866 2018 2155 2182;1;1;1;0;2 
263 276;4258;360;1639;360 711 1058 1394 1639;1;1;1;1;0 
263 276;4266;451;1123;310 367 432 451 1123 2023 2103;1;1;1;1;0 
263 276;4292;427;466;396 427 466 1821;1;1;1;1;0 
263 276;4294;427;466;396 427 466 520 1818;1;1;1;2;0 
263 276;4301;406;696;335 406 696 1301 1684 2104;1;1;1;0;2 
263 276;4314;430;1619;5 191 430 1619 2156;1;1;1;1;1 
263 276;4331;434;2217;434 1242 1410 2217;1;1;1;1;0 
263 276;4339;779;867;451 779 867 1467;1;1;1;1;0 
263 276;4341;430;1189;430 451 1123 1189;1;1;1;1;1 
263 276;4382;673;1509;254 315 503 629 673 707 814 820 836 859 862 1082 1121 1126 1150 1298 1509 1611 1644 1650 1716 1735 1739 1919 2097;1;1;1;2;0 
263 276;4395;512;711;512 711 1394 1639;1;1;1;1;0 
263 276;4420;534;317;51 317 534 1457;1;1;1;0;2 
263 276;4437;559;749;552 559 749 781 1415 2226;1;1;1;1;0 
263 276;4480;1768;1562;574 707 1166 1474 1562 1768;1;1;1;0;1 
263 276;4488;1236;1669;50 324 563 585 1024 1077 1236 1669 2174;1;1;1;0;1 
263 276;4531;59;507;59 507 621 639;1;1;1;1;0 
263 276;4537;639;1233;59 87 507 639 1233;1;1;1;1;4 
263 276;4539;639;1233;87 639 1074 1233 1294;1;1;1;2;0 
263 276;4542;1427;1693;640 1316 1427 1693 1752;1;1;1;1;1 
263 276;4593;719;2203;590 704 719 1659 2203;1;1;1;0;2 
263 276;4608;477;1807;477 716 889 1807;1;1;1;1;1 
263 276;4632;1246;2257;292 298 745 1246 2257;1;1;1;1;1 
263 276;4660;1302;1746;761 1302 1746 2134;1;1;1;1;3 
263 276;4667;763;1367;252 484 763 1367 1720;1;1;1;0;3 
263 276;4749;673;1611;132 315 503 673 679 836 859 862 1150 1298 1611 1644 1649 1716 1735 1739 1859 2097;1;1;1;1;0 
263 276;4757;885;1734;208 885 1392 1734;1;1;1;1;0 
263 276;4777;911;2217;911 1242 1410 2217;1;1;1;1;2 
263 276;4854;1019;11;9 11 47 105 290 398 1019 1047 1130 1238 1368 1383 1493 1541 1577 1692 1784 1810 1844 2164;1;1;1;2;0 
263 276;4891;1058;1639;711 1058 1394 1404 1639;1;1;1;1;0 
263 276;4916;1083;711;711 1083 1394 1639;1;1;1;1;0 
263 276;4973;298;482;298 482 1153 1165;1;1;1;2;0 
263 276;5013;1210;77;77 147 261 398 479 569 962 1012 1025 1061 1210 1225 1526 1538 1544 1581 1767 1823 1866 2018 2069 2155 2182;1;1;1;1;1 
263 276;5031;1221;2115;973 1221 2004 2115;1;1;1;0;1 
263 276;5054;1019;11;9 11 47 105 132 290 398 411 730 1019 1047 1130 1238 1319 1329 1368 1383 1493 1541 1577 1784 1810 1844 2062 2164;1;1;1;2;0 
263 276;5061;1246;482;298 482 1153 1246 1732 1992;1;1;1;1;1 
263 276;5070;1260;404;115 130 227 257 299 309 404 443 501 822 838 883 1063 1169 1186 1221 1237 1260 1310 1324 1379 1549 1769 1815 1835 1847 1850 1912;1;1;1;1;1 
263 276;5098;1274;1280;782 1261 1274 1280;1;1;1;1;1 
263 276;5128;406;2104;111 406 1301 2104 2162;1;1;1;1;4 
263 276;5130;406;548;406 452 548 1301;1;1;1;1;1 
263 276;5213;130;213;130 213 1360 1402;1;1;1;0;1 
263 276;5258;647;1448;647 748 1448 1701 1771 2169;1;1;1;1;2 
263 276;5272;1459;515;111 448 515 696 1459;1;1;1;1;2 
263 276;5283;1466;796;796 1466 1720 1937;1;1;1;1;0 
263 276;5285;1466;782;782 974 1404 1466 1639;1;1;1;1;0 
263 276;5311;2003;2004;362 973 1287 1497 1660 2003 2004;1;1;1;1;4 
263 276;5354;1527;446;446 1180 1188 1450 1527 1695;1;1;1;1;0 
263 276;5395;2176;280;226 280 1579 2176;1;1;1;1;2 
263 276;5466;1662;1280;782 1261 1280 1662;1;1;1;1;1 
263 276;5533;1720;1367;766 1367 1720 2015;1;1;1;0;3 
263 276;5534;1454;1937;796 1454 1720 1937;1;1;1;1;1 
263 276;5539;341;696;111 341 696 705 1722;1;1;1;1;1 
263 276;5622;1180;1131;15 1131 1180 1827;1;1;1;0;1 
263 276;5634;1850;670;299 670 1360 1850 1996;1;1;1;1;1 
263 276;5685;1920;515;111 515 696 1920 2104;1;1;1;1;1 
263 276;5688;1923;822;312 822 1797 1923;1;1;1;1;0 
263 276;5707;1938;1410;789 1410 1938 2217;1;1;1;1;0 
263 276;5804;2031;1913;51 65 1913 2031;1;1;1;0;1 
263 276;5807;2038;100;100 737 1923 2038;1;1;1;1;0 
263 276;5916;2166;1013;1013 2098 2166 2255;1;1;1;1;0 
256 269;4043;1238;1164;11 47 105 132 262 296 398 429 686 1019 1047 1130 1164 1192 1238 1282 1319 1329 1368 1383 1493 1577 1578 1692 1750 1784 1909 1967 1974 2164;1;1;1;1;2 
256 269;4078;84;205;84 205 369 375;1;1;1;1;1 
256 269;4084;1211;1233;87 507 1211 1233;1;1;1;1;0 
256 269;4097;432;1165;99 298 432 746 1165;1;1;1;1;2 
256 269;4101;1238;1164;11 47 105 262 411 429 1019 1047 1164 1238 1319 1329 1383 1577 1578 1686 1750 1784 1810 1909 1967 1974 2164;1;1;1;2;2 
256 269;4121;326;706;128 168 187 284 319 326 350 706 956 1022 1178 1294 1390 1423 1516 1574 1984;1;1;1;2;0 
256 269;4217;223;422;223 422 720 1687;1;1;1;1;1 
256 269;4236;171;1189;171 244 1189 1435;1;1;1;1;1 
256 269;4274;1246;292;180 292 298 1246 2257;1;1;1;1;1 
256 269;4278;745;1520;298 745 1520 1966;1;1;1;1;0 
256 269;4319;2104;1392;341 1203 1392 2104;1;1;1;1;0 
256 269;4329;346;1013;346 1013 1053 1797;1;1;1;1;2 
256 269;4340;451;1123;310 367 432 451 1123 2023 2103;1;1;1;1;1 
256 269;4382;432;1165;99 298 432 1153 1165;1;1;1;1;1 
256 269;4384;298;482;298 432 482 1153;1;1;1;0;2 
256 269;4408;451;1189;171 451 529 1123 1189;1;1;1;1;1 
256 269;4409;1123;1189;451 683 1123 1189;1;1;1;1;1 
256 269;4591;639;1233;59 87 507 639 1233;1;1;1;1;3 
256 269;4664;477;716;477 716 1285 1807;1;1;1;1;1 
256 269;4691;745;1876;745 1021 1732 1876 1958 2119;1;1;1;2;1 
256 269;4692;745;1520;477 482 745 1520 1966;1;1;1;1;0 
256 269;4739;430;5;5 430 779 1619;1;1;1;0;2 
256 269;4751;911;2217;789 911 1239 1242 1410 1938 2217;1;1;1;1;3 
256 269;4796;855;248;248 732 855 1255;1;1;1;0;1 
256 269;4805;880;1578;11 47 880 1130 1578 1692;1;1;1;1;0 
256 269;4810;885;1286;208 885 1286 1781;1;1;1;1;2 
256 269;4875;981;696;515 696 981 1459;1;1;1;1;1 
256 269;4972;1096;2053;1096 2001 2053 2285;1;1;1;1;0 
256 269;4988;430;1189;430 529 1123 1189;1;1;1;1;0 
256 269;4989;430;884;430 884 1123 1189;1;1;1;2;0 
256 269;5099;1246;1863;292 546 1246 1863;1;1;1;1;1 
256 269;5140;84;2007;84 501 1290 2007 2134;1;1;1;1;1 
256 269;5141;84;724;84 278 375 417 724 1290 1557 1930;1;1;1;1;0 
256 269;5179;1316;1693;616 1316 1693 1752;1;1;1;0;1 
256 269;5195;1694;2253;155 1350 1694 1858 2253;1;1;1;1;3 
256 269;5220;1385;826;13 266 282 447 512 711 782 826 974 1058 1083 1275 1385 1404 1639 2006;1;1;1;1;7 
256 269;5296;745;1354;743 745 1354 1444 1732;1;1;1;0;2 
256 269;5318;341;696;341 696 944 1459;1;1;1;1;1 
256 269;5342;1483;324;17 324 1196 1408 1483;1;1;1;0;1 
256 269;5482;1302;1746;761 1302 1653 1746;1;1;1;1;1 
256 269;5547;1717;774;112 774 1717 1906 1955;1;1;1;2;0 
256 269;5549;1454;1937;796 1454 1707 1720 1937;1;1;1;1;2 
256 269;5659;1874;1462;1342 1462 1874 1975;1;1;1;1;0 
256 269;5720;1920;1392;341 1392 1920 2104;1;1;1;1;0 
256 269;5721;341;696;341 515 696 1920;1;1;1;1;1 
256 269;5770;1964;314;8 314 1470 1719 1964;1;1;1;1;1 
256 269;5787;1266;1902;1266 1902 1987 2233;1;1;1;1;0 
256 269;5798;1660;362;362 1287 1497 1660 2003;1;1;1;0;1 
256 269;5899;2166;1570;979 1570 2098 2166;1;1;1;1;0 
256 269;5900;2166;1492;346 1013 1492 1860 2098 2166;1;1;1;2;1 
256 269;5915;350;1984;350 1984 1998 2116;1;1;1;1;0 
256 269;5924;745;1520;745 1520 1966 2119;1;1;1;1;0 
256 269;5926;745;1354;743 745 1354 2119;1;1;1;0;1 
256 269;5977;2166;346;346 822 1797 1923 2166;1;1;1;1;1 
256 269;5979;2166;1570;1412 1570 1792 2166;1;1;1;1;0 
256 269;5990;1579;1848;280 1579 1848 2176;1;1;1;0;1 
256 269;6016;1385;1028;599 1028 1385 2206;1;1;1;1;0 
249 262;3874;395;513;69 395 513 1822;1;1;1;1;0 
249 262;3875;69;422;69 395 422 720 741 1687;1;1;1;1;1 
249 262;3887;84;205;84 205 369 375 570;1;1;1;0;1 
249 262;3908;298;1863;99 298 1863 2257;1;1;1;1;1 
249 262;3915;1238;1329;47 105 262 296 429 602 756 880 928 991 1047 1108 1164 1199 1238 1319 1329 1343 1455 1577 1578 1750 1784 1810 1905 1909 1967 1974 2176;1;1;1;0;1 
249 262;3923;1722;1033;109 306 423 492 871 1033 1722;1;1;1;2;0 
249 262;3924;1722;506;67 109 306 492 506 1722 1872;1;1;1;1;2 
249 262;3939;128;1294;2 128 639 1074 1294 1516 1819 2116;1;1;1;1;1 
249 262;3941;128;1984;128 350 1984 2116;1;1;1;1;1 
249 262;3970;1278;144;144 256 631 1079 1278;1;1;1;1;1 
249 262;4080;447;974;282 447 512 711 974 1083;1;1;1;0;1 
249 262;4159;1422;1984;350 460 1422 1516 1984 2116;1;1;1;2;0 
249 262;4188;307;449;63 143 147 201 216 238 307 311 363 396 449 464 800 962 1017 1025 1345 1521 1748 1818 2129 2276;1;1;1;2;0 
249 262;4214;430;486;430 486 1022 1265 1373;1;1;1;2;0 
249 262;4215;430;529;171 430 529 1189;1;1;1;1;2 
249 262;4221;432;1165;298 432 746 1153 1165 1732;1;1;1;0;2 
249 262;4251;471;1990;471 854 1778 1990 2130;1;1;1;0;2 
249 262;4261;477;1400;477 716 1285 1400;1;1;1;0;1 
249 262;4409;128;1074;128 350 639 1074 1423 1819;1;1;1;1;0 
249 262;4620;1722;492;492 871 1722 2122;1;1;1;0;3 
249 262;4634;885;1286;208 885 1286 1781;1;1;1;1;1 
249 262;4728;1015;1270;889 1015 1270 1553 1807 2259;1;1;1;1;1 
249 262;4766;1054;1123;1054 1096 1123 1189 2001;1;1;1;2;1 
249 262;4816;1054;486;486 1054 1096 2001 2053;1;1;1;2;1 
249 262;4835;1123;683;683 1123 1189 1373;1;1;1;1;1 
249 262;4850;1373;884;884 1140 1189 1373;1;1;1;1;0 
249 262;4930;1220;693;286 418 693 1220;1;1;1;1;0 
249 262;4949;1238;1329;47 105 194 262 296 398 429 455 545 730 1019 1047 1108 1192 1238 1319 1329 1577 1578 1750 1784 1810 1909 1967 2164;1;1;1;1;1 
249 262;4959;745;1732;298 745 1246 1732 1876;1;1;1;0;2 
249 262;4985;1276;486;486 1123 1189 1276;1;1;1;1;0 
249 262;5026;406;515;406 515 548 1301;1;1;1;0;1 
249 262;5040;1302;1746;761 1115 1302 1746 2134;1;1;1;1;0 
249 262;5043;1302;1746;761 886 1302 1746;1;1;1;1;0 
249 262;5095;1372;1428;1372 1428 1513 1534;1;1;1;1;1 
249 262;5143;49;1984;49 350 1074 1423 1984 2116;1;1;1;2;1 
249 262;5244;1516;1220;350 460 1220 1516 2116;1;1;1;1;0 
249 262;5248;1516;779;30 779 1516 1618;1;1;1;1;0 
249 262;5389;1302;1746;761 1115 1302 1653 1746;1;1;1;1;1 
249 262;5581;1887;1514;112 774 1514 1887 1955;1;1;1;1;1 
249 262;5636;1920;973;518 973 1301 1920 2167;1;1;1;0;2 
249 262;5717;2029;2256;259 1662 2029 2256;1;1;1;1;2 
249 262;5737;2040;1858;155 1858 2040 2253;1;1;1;0;1 
249 262;5747;2048;865;69 660 865 2048;1;1;1;1;0 
249 262;5795;1289;15;15 1146 1166 1289 2075;1;1;1;1;0 
249 262;5818;2098;1013;346 1013 1797 2098;1;1;1;1;2 
249 262;5820;2098;1492;346 1492 1923 2098;1;1;1;1;0 
249 262;5837;2119;776;776 1876 1958 2119;1;1;1;0;1 
249 262;5838;745;1966;745 1520 1966 2119;1;1;1;1;3 
249 262;5896;2166;346;346 1013 1180 1923 2148 2166;1;1;1;1;1 
249 262;5901;2166;1492;346 1492 1923 2166;1;1;1;1;2 
249 262;5938;1385;1028;599 1028 1385 2206;1;1;1;1;1 
242 255;4043;49;361;49 305 361 1945;1;1;1;1;1 
242 255;4062;69;720;69 422 720 2181;1;1;1;0;2 
242 255;4064;69;513;69 395 513 624 865;1;1;1;1;1 
242 255;4115;1722;67;67 109 306 1722;1;1;1;0;3 
242 255;4124;639;1294;128 639 1074 1294 1819;1;1;1;1;2 
242 255;4211;1043;378;209 222 239 308 371 378 489 540 542 570 704 719 771 796 878 906 1037 1043 1069 1193 1439 1487 1540 1761 1852 1870 1942 2063;1;1;1;1;0 
242 255;4267;253;1654;253 797 1081 1654;1;1;1;1;0 
242 255;4320;307;1092;63 143 216 261 307 363 431 449 464 800 897 1025 1092 1139 1538 1544 1581 1767 1818 2181;1;1;1;2;2 
242 255;4355;341;515;341 515 696 1675;1;1;1;1;1 
242 255;4413;356;1092;143 147 201 216 230 261 307 356 396 427 431 449 464 569 692 800 1025 1092 1281 1581 1743 1748 1767 1818 1826 2008 2168;1;1;1;2;0 
242 255;4449;430;529;430 486 529 1022;1;1;1;1;1 
242 255;4455;745;1376;432 745 1376 1862 1878;1;1;1;1;0 
242 255;4502;109;871;109 487 871 1033;1;1;1;1;1 
242 255;4521;510;1392;510 1345 1392 1601;1;1;1;1;0 
242 255;4535;518;1321;123 448 518 611 1321;1;1;1;1;2 
242 255;4579;554;1752;554 1316 1752 1929;1;1;1;0;1 
242 255;4611;1851;157;55 157 209 231 239 489 542 570 690 727 844 998 999 1176 1508 1624 1740 1780 1851 1852 1926;1;1;1;1;0 
242 255;4663;636;1270;636 1270 2003 2262;1;1;1;1;0 
242 255;4669;639;1984;156 639 1423 1516 1984 2116;1;1;1;1;2 
242 255;4777;1512;286;286 693 731 760 810 1220 1512 1551 1887 1892 1986;1;1;1;1;1 
242 255;4931;885;2007;208 885 1734 2007;1;1;1;1;1 
242 255;5039;1004;2107;159 757 970 1004 2107;1;1;1;1;0 
242 255;5058;1265;486;486 529 1022 1265;1;1;1;1;1 
242 255;5086;1054;2001;1054 1276 2001 2053;1;1;1;1;1 
242 255;5171;1123;486;486 1123 1265 2001;1;1;1;2;0 
242 255;5314;1278;144;144 631 1079 1278;1;1;1;1;1 
242 255;5346;1302;1746;761 1115 1302 1746;1;1;1;1;3 
242 255;5417;20;1583;20 232 1324 1386 1583;1;1;1;0;1 
242 255;5483;1444;1966;1444 1906 1966 2119 2250;1;1;1;0;1 
242 255;5521;1310;1283;130 166 245 443 468 637 809 838 870 1283 1310 1318 1360 1402 1468 1769 2054 2178 2186;1;1;1;1;0 
242 255;5559;1618;1990;779 1516 1618 1990;1;1;1;2;1 
242 255;5601;1553;889;422 669 889 1553 1807;1;1;1;0;1 
242 255;5646;1274;1913;365 1274 1610 1913;1;1;1;1;0 
242 255;5769;1722;582;582 1033 1133 1722;1;1;1;1;0 
242 255;5854;1516;350;350 460 1516 1819 2064 2116;1;1;1;1;2 
242 255;5856;1516;1984;49 156 1423 1516 1819 1984;1;1;1;1;1 
242 255;5907;1887;1955;1514 1887 1906 1955;1;1;1;0;1 
242 255;5943;1904;486;486 1123 1265 1276 1904;1;1;1;2;1 
242 255;5944;1238;1577;47 545 1238 1577 1578 1716 1905;1;1;1;0;3 
242 255;6065;1054;486;486 1054 1276 2001;1;1;1;1;1 
242 255;6085;1924;259;259 1662 1924 2029;1;1;1;0;1 
242 255;6176;2075;373;15 373 1166 1289 1680 2075;1;1;1;1;1 
242 255;6202;2166;1492;346 643 1412 1492 1923 2098 2166;1;1;1;2;2 
242 255;6339;2247;529;486 529 1265 2247;1;1;1;1;0 
242 255;6353;885;2258;208 885 1286 2258;1;1;1;0;1 
235 248;4041;2136;2070;124 262 276 347 467 488 512 756 958 1108 1226 1307 1326 1328 1329 1455 1477 1697 2070 2079 2136 2151 2264;1;1;1;2;2 
235 248;4112;627;1176;157 184 209 239 378 489 542 570 627 684 690 718 727 844 999 1176 1193 1207 1210 1313 1473 1522 1624 1740 1780 1851 1926 2032 2202;1;1;1;1;2 
235 248;4142;652;1734;208 652 885 1734 2007 2231;1;1;1;0;1 
235 248;4350;427;466;396 427 466 2129;1;1;1;1;2 
235 248;4379;432;1376;127 432 745 1376;1;1;1;1;1 
235 248;4448;510;1392;510 1345 1392 1989;1;1;1;1;1 
235 248;4461;427;466;427 466 520 2129;1;1;1;1;1 
235 248;4468;524;557;101 524 557 959;1;1;1;1;0 
235 248;4490;541;1428;541 827 1249 1342 1428 1823;1;1;1;1;0 
235 248;4673;1427;1651;745 948 1376 1427 1651 2257;1;1;1;0;1 
235 248;4709;451;867;451 735 779 867;1;1;1;1;1 
235 248;4710;1423;1984;156 779 1423 1516 1984;1;1;1;0;3 
235 248;4715;951;1990;779 951 1516 1990;1;1;1;0;1 
235 248;4777;673;1735;194 494 503 597 610 673 816 820 836 859 862 1150 1298 1475 1531 1611 1735 1919 1932;1;1;1;2;2 
235 248;4782;673;909;194 503 610 629 673 820 836 859 862 909 1082 1298 1644 1735 1890 1919 1991 2097 2194 2214;1;1;1;2;1 
235 248;4809;1969;1428;608 881 898 1112 1342 1428 1702 1969;1;1;1;2;0 
235 248;4853;951;1990;65 850 951 1656 1990;1;1;1;1;1 
235 248;4908;1025;1598;143 216 261 333 363 449 505 569 622 698 713 1025 1092 1139 1598 1743 1767 1786 1818 1826 1956 1999 2069 2094;1;1;1;2;1 
235 248;4929;1054;486;486 1054 1123 1276 2001;1;1;1;1;3 
235 248;4986;1115;2203;1073 1115 1569 2203;1;1;1;0;2 
235 248;5140;1265;486;486 1123 1265 1276;1;1;1;0;4 
235 248;5146;1278;144;144 631 1079 1278;1;1;1;0;1 
235 248;5355;1310;1769;130 166 245 299 348 387 468 637 771 809 838 870 949 1046 1192 1283 1310 1318 1360 1379 1402 1468 1769 1912 1996 2054 2178;1;1;1;2;1 
235 248;5394;2116;1984;350 1516 1984 2116;1;1;1;0;1 
235 248;5395;951;1990;951 1516 1618 1990;1;1;1;0;1 
235 248;5402;1528;1428;126 425 1342 1428 1528 1889;1;1;1;1;0 
235 248;5473;1609;1189;529 656 1189 1609;1;1;1;1;0 
235 248;5476;2002;1280;1129 1274 1280 1375 1610 1913 2002;1;1;1;1;1 
235 248;5496;1642;1428;827 1249 1342 1428 1642 1823;1;1;1;1;0 
235 248;5570;1722;416;416 582 1033 1722 1931;1;1;1;1;1 
235 248;5572;1722;726;35 67 726 1722;1;1;1;1;0 
235 248;5652;1025;2219;143 147 261 363 396 505 622 698 713 897 980 1025 1092 1139 1544 1581 1738 1743 1786 1818 1893 1912 1956 1999 2069 2094 2219;1;1;1;2;0 
235 248;5656;1819;1074;1074 1294 1516 1819;1;1;1;0;1 
235 248;5739;430;486;430 486 1265 1276 1904;1;1;1;0;1 
235 248;5754;1920;1746;518 949 1746 1920;1;1;1;1;0 
235 248;5799;1940;446;97 139 199 234 368 446 608 671 677 973 1188 1355 1695 1741 1883 1940 2035;1;1;1;2;1 
235 248;5906;2048;1239;660 865 1239 2048;1;1;1;1;1 
235 248;5917;2055;1534;1372 1513 1534 2055;1;1;1;0;1 
235 248;5944;1680;1023;373 1023 1680 2075;1;1;1;0;1 
235 248;6028;1904;867;867 1276 1904 2156;1;1;1;2;0 
235 248;6034;2166;1013;1013 1412 1570 2166 2254;1;1;1;1;1 
235 248;6084;1342;1428;1249 1342 1428 1823 2222;1;1;1;1;0 
235 248;6099;406;696;406 515 696 1675 2247;1;1;1;0;1 
235 248;6104;2249;1678;1030 1473 1678 2249;1;1;1;0;1 
235 248;6113;2257;1863;162 298 1863 2257;1;1;1;0;1 
228 241;3762;947;507;4 87 507 947 1211 1233 1427 2029 2101 2212;1;1;1;1;1 
228 241;3796;227;2128;36 227 348 1360 1402 1430 2128;1;1;1;0;1 
228 241;3824;49;1834;49 305 361 1834;1;1;1;0;2 
228 241;3854;69;395;69 395 513 662 1004 1756;1;1;1;0;1 
228 241;3901;1240;850;113 206 850 1240 1718 1837 1990;1;1;1;0;2 
228 241;3940;146;850;146 751 850 1990;1;1;1;0;1 
228 241;4015;839;449;64 104 210 306 333 418 449 526 533 695 839 1025 1431 1544 1663 1675 1767 1821 1893 1899 2055 2170;1;1;1;2;1 
228 241;4125;432;1958;367 432 1410 1958;1;1;1;1;0 
228 241;4147;427;143;143 396 427 1581 2008;1;1;1;1;1 
228 241;4149;427;2129;396 427 466 2129;1;1;1;0;1 
228 241;4158;131;834;131 406 834 1301;1;1;1;1;0 
228 241;4183;430;683;430 529 683 1123 1373 2023 2247;1;1;1;0;1 
228 241;4188;432;1992;432 745 1376 1992;1;1;1;0;1 
228 241;4211;430;884;171 430 451 884 1022 1123;1;1;1;1;1 
228 241;4212;430;5;5 430 451 486 529;1;1;1;0;1 
228 241;4213;1265;486;451 486 529 779 1265;1;1;1;1;2 
228 241;4214;430;867;430 451 867 884 1123;1;1;1;1;0 
228 241;4275;859;820;494 503 610 673 816 820 836 859 862 1126 1298 1531 1611 1644 1650 1735 1909 2194 2214 2252;1;1;1;0;1 
228 241;4277;1126;862;503 597 862 1126 1289;1;1;1;0;2 
228 241;4284;510;1345;510 1345 1392 1893 1989;1;1;1;0;1 
228 241;4300;427;2129;427 466 520 2129;1;1;1;0;1 
228 241;4306;524;945;524 557 945 959 1133;1;1;1;1;1 
228 241;4311;2257;1651;99 524 1620 1651 2257;1;1;1;0;1 
228 241;4400;621;871;109 347 487 621 871;1;1;1;1;1 
228 241;4510;2257;1863;1 292 745 1246 1358 1863 2257;1;1;1;0;2 
228 241;4513;2257;1863;292 745 826 1863 2257;1;1;1;0;2 
228 241;4541;451;867;191 451 779 867;1;1;1;1;1 
228 241;4543;451;864;451 486 529 779 864;1;1;1;2;0 
228 241;4729;1003;1280;1003 1274 1280 1375;1;1;1;0;1 
228 241;4750;1912;838;838 1016 1318 1912;1;1;1;0;1 
228 241;4759;951;1990;65 850 951 1020 1990;1;1;1;0;1 
228 241;4844;1096;181;181 1096 1189 2001;1;1;1;1;1 
228 241;4871;1123;884;171 884 1123 1566;1;1;1;1;0 
228 241;4875;430;1189;171 430 656 1022 1123 1189 1609;1;1;1;1;3 
228 241;4952;1210;449;63 64 147 216 265 449 569 787 999 1025 1210 1526 1598 1743 1826 1956 2069;1;1;1;0;1 
228 241;4995;1086;1189;171 656 1022 1086 1123 1189 1265 1609;1;1;1;1;0 
228 241;5008;1904;1316;1276 1316 1904 2156;1;1;1;1;1 
228 241;5049;406;950;406 834 950 1301;1;1;1;2;0 
228 241;5135;1385;2206;599 1028 1218 1385 2206;1;1;1;0;2 
228 241;5176;49;1423;49 334 931 1423;1;1;1;1;0 
228 241;5249;1408;314;223 314 377 399 454 537 828 860 893 910 1062 1408 1483 1679 1831 1939 2083 2106 2213;1;1;1;2;1 
228 241;5482;1722;67;67 726 822 889 1722;1;1;1;1;1 
228 241;5577;1025;714;363 714 1025 1818;1;1;1;0;2 
228 241;5778;1054;1276;931 1054 1123 1276 2001;1;1;1;1;2 
228 241;5827;2048;660;660 865 1239 2048;1;1;1;0;1 
228 241;5882;2098;346;346 1923 2098 2148;1;1;1;1;1 
228 241;5889;451;33;33 451 2023 2103;1;1;1;0;1 
228 241;5929;2144;1044;28 140 537 910 1044 1179 1231 1463 1855 2144 2205;1;1;1;1;0 
228 241;6006;201;157;157 201 272 431 440 1307 1340 1571 1627 1671 1767 1999 2232 2272;1;1;1;1;1 
228 241;6017;2247;884;171 884 1566 2247;1;1;1;1;0 
221 234;4006;4;1233;4 87 507 1211 1233;1;1;1;0;4 
221 234;4053;1935;1231;3 42 83 140 258 336 695 822 900 1020 1044 1179 1221 1222 1227 1231 1442 1449 1463 1764 1869 1903 1935 2110 2144 2205;1;1;1;2;1 
221 234;4110;652;417;84 375 417 501 568 652 1014 1290 1860 1861 2024;1;1;1;0;1 
221 234;4130;1253;1838;99 491 1253 1838;1;1;1;0;1 
221 234;4248;221;347;221 467 1161 1697 2079 2195;1;1;1;0;1 
221 234;4294;1025;449;257 265 449 584 1025 1061 1145 1159 1330 1511 1625 1675 1952 2054;1;1;1;0;2 
221 234;4331;302;864;302 683 864 1444;1;1;1;1;0 
221 234;4338;306;238;238 306 526 1663;1;1;1;0;1 
221 234;4365;2116;1486;350 1486 2064 2116;1;1;1;1;1 
221 234;4384;432;367;367 432 1958 1992;1;1;1;1;1 
221 234;4393;1694;377;223 314 377 399 784 828 860 893 923 1062 1109 1241 1408 1453 1481 1483 1539 1679 1694 1831 2213;1;1;1;0;1 
221 234;4432;131;111;111 131 406 834 1301;1;1;1;1;3 
221 234;4465;745;1958;367 432 745 1958;1;1;1;1;1 
221 234;4481;430;935;5 33 167 171 430 451 486 529 641 683 779 867 884 935 1022 1123 1189 1265 1373 1566 2023 2192 2247;1;1;1;2;6 
221 234;4558;1056;945;419 524 945 959 1056 1133 1361 1458 2067 2115;1;1;1;0;2 
221 234;4649;621;1160;621 1160 1524 1800;1;1;1;1;0 
221 234;4650;487;871;109 487 621 871;1;1;1;0;1 
221 234;4717;2196;1577;47 194 503 636 673 836 862 1130 1270 1319 1368 1393 1577 1650 1810 1859 2196 2274;1;1;1;1;1 
221 234;4784;239;2264;239 755 1507 2264;1;1;1;1;0 
221 234;4811;779;864;529 683 779 864 1444;1;1;1;1;1 
221 234;4814;1022;867;5 451 779 867 1022 1609 2247;1;1;1;0;1 
221 234;4816;1022;864;451 486 683 779 864 1022 2247;1;1;1;1;1 
221 234;4971;341;1392;341 981 1392 2104;1;1;1;1;2 
221 234;5018;1025;373;373 622 1025 1538 2069;1;1;1;0;1 
221 234;5109;1096;2001;181 1096 1189 2001;1;1;1;0;1 
221 234;5163;1680;2197;1023 1147 1680 2197;1;1;1;1;1 
221 234;5297;1278;80;80 669 671 1278;1;1;1;1;1 
221 234;5396;1767;272;157 201 272 431 466 878 1307 1340 1544 1571 1627 1671 1760 1767 1999 2141 2232;1;1;1;0;3 
221 234;5441;1405;2264;239 1405 1507 2264;1;1;1;1;0 
221 234;5462;49;1423;49 334 1057 1423;1;1;1;1;1 
221 234;5543;463;271;271 463 797 1485;1;1;1;1;0 
221 234;5646;1572;490;84 490 538 1572;1;1;1;0;1 
221 234;5678;1123;867;867 913 1022 1123 1265 1609 2210;1;1;1;1;1 
221 234;5685;244;1610;124 244 1328 1576 1610 1697;1;1;1;0;1 
221 234;5716;1653;761;417 761 1302 1653 1746;1;1;1;0;1 
221 234;5807;1722;2135;67 822 1722 2135;1;1;1;0;1 
221 234;5886;1238;1577;47 194 296 429 472 636 836 1019 1047 1130 1201 1238 1262 1270 1319 1329 1368 1393 1577 1578 1650 1785 1810 1859 1880 1912 2164 2274;1;1;1;1;1 
221 234;6014;1276;2156;1276 1316 1904 2156;1;1;1;0;1 
221 234;6038;1914;797;34 323 463 797 872 943 1334 1349 1654 1719 1864 1914;1;1;1;1;0 
221 234;6082;1679;1350;1062 1350 1679 1939;1;1;1;0;1 
221 234;6149;1996;1186;36 709 822 1186 1360 1996;1;1;1;1;1 
221 234;6150;1996;213;213 670 1850 1996;1;1;1;0;1 
221 234;6155;1123;2001;30 1123 1276 2001;1;1;1;0;1 
221 234;6162;2035;973;132 139 973 2009 2035;1;1;1;0;2 
221 234;6289;1923;346;346 618 1797 1923 2098;1;1;1;0;2 
221 234;6305;2119;1966;745 1966 2119 2257;1;1;1;0;1 
221 234;6353;2169;748;748 973 1771 2169;1;1;1;0;1 
221 234;6355;192;2171;192 608 912 1188 1355 1658 2171;1;1;1;0;2 
221 234;6417;2262;2004;1612 1876 2003 2004 2262;1;1;1;1;0 
214 227;3935;429;1810;47 429 862 1201 1262 1270 1368 1578 1716 1810 1859 1880 2114 2164;1;1;1;0;2 
214 227;3963;1533;203;69 131 203 341 351 393 434 619 656 693 731 740 774 785 965 1163 1242 1297 1454 1533 1566 1661 1712 1849 1887;1;1;1;0;1 
214 227;3971;83;1463;83 900 1179 1231 1463;1;1;1;0;1 
214 227;3973;84;76;76 84 375 724;1;1;1;1;1 
214 227;4037;1179;824;140 824 1179 1231 1449;1;1;1;0;2 
214 227;4045;1743;143;143 897 1743 1818;1;1;1;0;1 
214 227;4132;239;1780;35 239 291 492 553 690 844 852 1141 1176 1405 1507 1599 1780 1851 2264;1;1;1;2;2 
214 227;4219;341;981;341 981 1392 2104;1;1;1;0;1 
214 227;4220;341;2162;341 696 981 2162;1;1;1;0;1 
214 227;4224;2064;350;350 1227 1486 2064;1;1;1;0;2 
214 227;4326;463;797;34 108 135 149 151 253 317 323 454 463 585 661 723 797 943 1005 1036 1056 1334 1485 1621 1719 2244;1;1;1;1;1 
214 227;4336;1914;797;34 108 135 149 151 253 317 323 454 463 558 585 661 723 757 797 943 970 1005 1037 1056 1236 1316 1334 1621 1654 1719 1914 2083 2107;1;1;1;1;2 
214 227;4477;621;1800;621 1160 1524 1800;1;1;1;1;1 
214 227;4519;463;797;34 108 135 149 151 253 317 323 454 463 585 615 661 797 943 1005 1036 1334 1485 1621 1654 1669 1719;1;1;1;1;2 
214 227;4536;171;1189;171 683 1189 1435;1;1;1;0;2 
214 227;4650;430;5;5 8 73 167 314 425 430 486 683 779 864 867 945 1022 1123 1265 1305 1444 1516 1564 1609 1868 1889 2083 2247;1;1;1;1;2 
214 227;4838;696;111;111 515 696 981 1365;1;1;1;0;2 
214 227;4842;696;2104;341 696 981 2104;1;1;1;0;2 
214 227;5001;1969;1249;95 260 898 1048 1124 1229 1249 1342 1428 1462 1528 1642 1907 1969;1;1;1;1;5 
214 227;5157;1278;669;80 669 671 716 1278;1;1;1;0;2 
214 227;5187;406;476;164 406 476 1301;1;1;1;1;1 
214 227;5198;406;1301;111 406 1301 1311;1;1;1;0;2 
214 227;5210;448;611;448 611 1321 1959;1;1;1;0;1 
214 227;5231;1969;881;95 260 380 667 687 827 867 881 898 1048 1075 1113 1124 1229 1249 1305 1342 1432 1462 1528 1579 1642 1702 1720 1738 1823 1825 1858 1907 1969;1;1;1;2;2 
214 227;5249;1186;36;36 822 1186 1360;1;1;1;0;1 
214 227;5355;1454;1937;1034 1454 1720 1839 1937;1;1;1;0;3 
214 227;5564;1969;881;163 260 380 774 867 881 898 1075 1124 1229 1249 1305 1342 1428 1432 1462 1485 1513 1528 1534 1600 1642 1720 1825 1874 1907 1916 1937 1969 2050;1;1;1;1;1 
214 227;5608;1147;1093;1093 1147 1218 1680 2197;1;1;1;0;1 
214 227;5644;1722;506;416 506 534 691 1033 1520 1722;1;1;1;0;1 
214 227;5761;1816;749;536 559 749 1415 1684 1816;1;1;1;1;1 
214 227;5960;1987;1266;1266 1326 1458 1987 2233;1;1;1;1;1 
214 227;5970;636;1660;414 636 1452 1660 2003 2237;1;1;1;0;3 
214 227;5994;430;864;33 167 171 430 451 486 595 864 935 1022 1123 1265 1609 2023 2192;1;1;1;0;2 
214 227;6007;2038;737;737 1102 1923 2038;1;1;1;1;1 
214 227;6104;2166;33;33 52 1570 1923 2098 2166;1;1;1;1;1 
214 227;6108;2166;643;643 1412 2087 2098 2166;1;1;1;0;1 
214 227;6147;2148;33;33 1013 1412 1570 2148;1;1;1;0;1 
214 227;6149;2166;1492;346 618 1053 1492 1860 2087 2148 2166;1;1;1;0;1 
214 227;6239;2262;2237;636 667 1452 2003 2237 2262;1;1;1;1;1 
214 227;6242;2262;2004;638 1194 1876 2003 2004 2262;1;1;1;2;1 
214 227;6245;2262;2237;38 1497 2003 2237 2262;1;1;1;1;1 
207 220;3984;2262;638;18 38 83 321 414 638 1278 1445 1724 2003 2004 2237 2262;1;1;1;0;7 
207 220;4039;218;1048;95 115 140 218 334 380 687 827 881 898 1048 1075 1123 1124 1197 1249 1342 1462 1528 1579 1642 1702 1720 1738 1825 1907 1969 2050 2177;1;1;1;0;6 
207 220;4071;154;1823;115 154 380 827 1075 1642 1702 1823 1874;1;1;1;0;4 
207 220;4167;197;1154;197 882 1154 2066;1;1;1;0;2 
207 220;4206;2014;1507;239 1507 2014 2264;1;1;1;0;1 
207 220;4263;1236;797;135 149 151 162 253 317 323 454 463 558 585 649 723 757 797 943 1005 1037 1056 1236 1316 1334 1621 1654 1669 1719 1914 2107;1;1;1;1;3 
207 220;4291;341;111;111 341 696 1459;1;1;1;1;2 
207 220;4320;375;76;76 375 390 724;1;1;1;0;1 
207 220;4335;406;476;406 476 534 1301;1;1;1;0;1 
207 220;4355;429;1130;11 19 47 105 172 403 429 455 960 1116 1130 1200 1287 1319 1329 1394 1577 1578 1650 1716 1810 1859 1865 2164;1;1;1;2;1 
207 220;4356;430;1022;430 1022 1189 1997;1;1;1;0;2 
207 220;4360;432;1958;367 432 1265 1958;1;1;1;0;2 
207 220;4438;1920;886;406 518 534 886 1746 1920;1;1;1;1;1 
207 220;4496;1043;1176;35 570 690 1043 1176;1;1;1;0;2 
207 220;4522;621;935;621 935 1160 1800;1;1;1;0;1 
207 220;4694;451;1265;451 779 1006 1265;1;1;1;0;1 
207 220;4876;1719;1005;8 151 314 1005 1056 1719;1;1;1;0;1 
207 220;4893;149;790;8 149 152 314 757 790 943 945 1069 1334 2107;1;1;1;1;1 
207 220;5260;1614;240;240 1505 1614 1653 2031;1;1;1;1;1 
207 220;5282;862;47;47 862 1082 1298 1531 1650 1716;1;1;1;0;1 
207 220;5293;1595;2015;1540 1595 1599 2015;1;1;1;0;1 
207 220;5389;1068;909;909 1068 1082 1644;1;1;1;0;1 
207 220;5448;1022;1609;1022 1265 1609 1723 2053;1;1;1;0;1 
207 220;5520;404;71;71 115 404 1702 1812 1847;1;1;1;0;1 
207 220;5655;1938;884;486 884 1022 1265 1938;1;1;1;0;1 
207 220;5747;2038;737;204 737 1923 2038;1;1;1;0;1 
207 220;5839;52;33;33 52 233 2098;1;1;1;0;1 
207 220;5943;1266;1326;1266 1326 1458 2233;1;1;1;0;1 
207 220;5965;2262;638;38 638 647 1876 2262;1;1;1;0;2 
207 220;5966;667;2237;546 667 2003 2237 2262;1;1;1;0;4 
200 213;3895;2146;2107;149 151 152 300 790 945 1069 2107 2146;1;1;1;0;2 
200 213;3937;195;1280;195 782 1191 1261 1280;1;1;1;0;2 
200 213;4146;427;1581;265 396 427 1508 1581;1;1;1;0;1 
200 213;4161;2074;864;432 779 864 1123 2074;1;1;1;0;1 
200 213;4178;1236;1654;135 149 151 162 253 323 454 463 502 585 615 649 797 836 1005 1236 1474 1621 1654 1669 1719 1735 1845;1;1;1;0;2 
200 213;4562;911;191;191 789 911 1242 2217;1;1;1;0;1 
200 213;5000;49;1423;49 187 334 1423;1;1;1;0;1 
200 213;5058;341;111;111 341 696 705 1459;1;1;1;0;1 
200 213;5227;1653;240;240 637 1653 2031;1;1;1;0;1 
200 213;5348;1297;1684;536 1297 1684 1816;1;1;1;0;2 
200 213;5384;1360;2027;709 1360 1402 1850 1996 2027 2052;1;1;1;0;3 
200 213;5436;1898;1577;19 47 105 162 172 403 1047 1130 1172 1200 1238 1282 1307 1319 1329 1394 1531 1577 1898 1909 1924 2062 2223;1;1;1;0;2 
200 213;5445;1905;1153;1116 1153 1577 1650 1905;1;1;1;0;1 
200 213;5455;1920;886;534 583 886 1920;1;1;1;0;1 
200 213;5748;1897;476;476 560 1897 2221;1;1;1;0;1 
