298 311 957 305 318 957 
298 311 959 305 318 959 
298 311 964 305 318 964 
298 311 971 305 318 971 
298 311 978 305 318 978 
298 311 980 305 318 980 
298 311 982 305 318 982 
298 311 985 305 318 985 
298 311 989 305 318 989 
298 311 990 305 318 990 
298 311 991 305 318 991 
298 311 994 305 318 994 
298 311 1000 305 318 1000 
298 311 1024 305 318 1024 
298 311 1030 305 318 1030 
298 311 1050 305 318 1050 
298 311 1052 305 318 1052 
298 311 1059 305 318 1059 
298 311 1065 305 318 1065 
298 311 1073 305 318 1073 
298 311 1080 305 318 1080 
298 311 1089 305 318 1089 
298 311 1143 305 318 1143 
298 311 1151 305 318 1151 
298 311 1152 305 318 1152 
298 311 1157 305 318 1157 
298 311 1161 305 318 1161 
298 311 1164 305 318 1164 
298 311 1181 305 318 1181 
298 311 1187 305 318 1187 
298 311 1188 305 318 1188 
298 311 1190 305 318 1190 
298 311 1192 305 318 1192 
298 311 1193 305 318 1193 
298 311 1195 305 318 1195 
298 311 1204 305 318 1204 
298 311 1205 305 318 1205 
298 311 1227 305 318 1227 
298 311 1229 305 318 1229 
298 311 1231 305 318 1231 
298 311 1233 305 318 1233 
298 311 1235 305 318 1235 
298 311 1245 305 318 1245 
298 311 1253 305 318 1253 
298 311 1254 305 318 1254 
298 311 1260 305 318 1260 
298 311 1263 305 318 1263 
298 311 1288 305 318 1288 
298 311 1289 305 318 1289 
298 311 1294 305 318 1294 
298 311 1297 305 318 1297 
298 311 1299 305 318 1299 
298 311 1309 305 318 1309 
298 311 1316 305 318 1316 
298 311 1333 305 318 1333 
298 311 1349 305 318 1349 
298 311 1379 305 318 1379 
298 311 1380 305 318 1380 
298 311 1381 305 318 1381 
298 311 1391 305 318 1391 
298 311 1416 305 318 1416 
298 311 1421 305 318 1421 
298 311 1422 305 318 1422 
298 311 1423 305 318 1423 
298 311 1424 305 318 1424 
298 311 1429 305 318 1429 
298 311 1441 305 318 1441 
298 311 1442 305 318 1442 
298 311 1458 305 318 1458 
298 311 1467 305 318 1467 
298 311 1476 305 318 1476 
298 311 1482 305 318 1482 
298 311 1487 305 318 1487 
298 311 1492 305 318 1492 
298 311 1493 305 318 1493 
298 311 1494 305 318 1494 
298 311 1506 305 318 1506 
298 311 1523 305 318 1523 
298 311 1524 305 318 1524 
298 311 1525 305 318 1525 
298 311 1526 305 318 1526 
298 311 1533 305 318 1533 
298 311 1536 305 318 1536 
298 311 1537 305 318 1537 
298 311 1544 305 318 1544 
298 311 1548 305 318 1548 
298 311 1549 305 318 1549 
298 311 1551 305 318 1551 
298 311 1561 305 318 1561 
298 311 1575 305 318 1575 
298 311 1586 305 318 1586 
298 311 1587 305 318 1587 
298 311 1589 305 318 1589 
298 311 1592 305 318 1592 
298 311 1611 305 318 1611 
298 311 1617 305 318 1617 
298 311 1632 305 318 1632 
298 311 1641 305 318 1641 
298 311 1642 305 318 1642 
298 311 1664 305 318 1664 
298 311 1672 305 318 1672 
298 311 1686 305 318 1686 
298 311 1695 305 318 1023 305 318 1695 
298 311 1696 305 318 1696 
298 311 1698 305 318 1698 
298 311 1705 305 318 1705 
298 311 1706 305 318 1706 
298 311 1711 305 318 1711 
298 311 1728 305 318 1728 
298 311 1732 305 318 1732 
298 311 1735 305 318 1735 
298 311 1737 305 318 1737 
298 311 1738 305 318 1738 
298 311 1740 305 318 1740 
298 311 1741 305 318 1741 
298 311 1763 305 318 1763 
298 311 1770 305 318 1770 
291 304 989 298 311 959 298 311 1416 298 311 1586 
291 304 994 298 311 967 
291 304 1003 298 311 980 298 311 1151 298 311 1423 
291 304 1012 298 311 1641 
291 304 1015 298 311 985 
291 304 1019 298 311 1297 
291 304 1022 298 311 1299 
291 304 1025 298 311 1506 
291 304 1038 305 318 1012 
291 304 1047 298 311 1052 298 311 1349 298 311 1549 298 311 1664 298 311 1711 
291 304 1063 298 311 1617 
291 304 1068 298 311 1045 298 311 1424 
291 304 1082 305 318 1063 
291 304 1086 298 311 1152 298 311 1738 
291 304 1096 305 318 1063 
291 304 1139 298 311 1113 
291 304 1165 298 311 1141 
291 304 1170 298 311 1391 
291 304 1179 298 311 1421 298 311 1737 
291 304 1197 298 311 1161 
291 304 1208 298 311 1231 298 311 1637 
291 304 1214 298 311 1180 298 311 1333 
291 304 1251 298 311 1137 298 311 1212 
291 304 1263 298 311 1416 298 311 1494 298 311 1586 298 311 1617 
291 304 1271 305 318 1014 
291 304 1272 298 311 1229 
291 304 1289 298 311 1235 
291 304 1305 298 311 1254 
291 304 1337 298 311 1686 
291 304 1357 298 311 1288 
291 304 1382 298 311 1309 
291 304 1410 298 311 1337 
291 304 1469 298 311 1337 
291 304 1549 305 318 1440 
291 304 1552 298 311 1441 298 311 1442 
291 304 1559 298 311 994 
291 304 1561 298 311 1524 
291 304 1652 298 311 1503 
291 304 1705 298 311 1561 
291 304 1735 298 311 1195 
291 304 1736 298 311 1195 298 311 1391 298 311 1493 298 311 1587 
291 304 1739 298 311 1458 298 311 1592 
291 304 1745 298 311 1600 
291 304 1762 298 311 971 
291 304 1763 298 311 1611 
291 304 1792 298 311 1633 
291 304 1795 298 311 1454 
291 304 1805 298 311 1137 298 311 1212 
291 304 1828 298 311 971 
291 304 1855 298 311 1686 
291 304 1865 298 311 1706 
291 304 1896 298 311 1151 298 311 1422 
291 304 1932 298 311 1763 
291 304 1942 298 311 1770 
284 297 995 291 304 1313 291 304 1955 
284 297 1026 298 311 991 
284 297 1028 298 311 999 
284 297 1036 298 311 1010 
284 297 1067 291 304 1068 
284 297 1081 291 304 1081 291 304 1261 291 304 1516 291 304 1785 291 304 1873 
284 297 1089 291 304 1139 
284 297 1103 291 304 1873 
284 297 1109 291 304 994 291 304 1197 291 304 1492 291 304 1694 291 304 1757 291 304 1836 291 304 1862 
284 297 1114 291 304 1108 
284 297 1115 291 304 1646 
284 297 1162 298 311 1607 
284 297 1167 298 311 1227 298 311 1705 
284 297 1176 291 304 1165 
284 297 1191 291 304 1068 
284 297 1206 298 311 1356 291 304 1199 
284 297 1207 291 304 1202 291 304 1203 
284 297 1227 291 304 999 291 304 1235 
284 297 1245 291 304 1321 291 304 1930 
284 297 1262 291 304 1267 
284 297 1268 291 304 1270 
284 297 1278 291 304 1288 291 304 1289 
284 297 1319 291 304 1343 
284 297 1330 298 311 1294 
284 297 1339 291 304 1370 
284 297 1350 291 304 1288 291 304 1289 
284 297 1367 291 304 1235 291 304 1399 
284 297 1454 291 304 1214 291 304 1216 
284 297 1466 291 304 1179 
284 297 1467 291 304 1896 
284 297 1487 291 304 1156 
284 297 1493 291 304 1694 291 304 1862 
284 297 1495 298 311 1453 291 304 1549 
284 297 1512 291 304 1606 
284 297 1515 291 304 1187 
284 297 1588 298 311 1498 291 304 1181 
284 297 1589 291 304 1644 
284 297 1598 291 304 1651 
284 297 1599 291 304 1649 
284 297 1601 291 304 1561 291 304 1876 
284 297 1611 291 304 1025 291 304 1373 291 304 1559 291 304 1656 
284 297 1613 291 304 999 291 304 1644 291 304 1665 291 304 1832 
284 297 1635 298 311 1525 291 304 1558 
284 297 1637 291 304 1684 
284 297 1638 298 311 1448 291 304 1016 291 304 1561 291 304 1686 
284 297 1693 291 304 1738 291 304 1739 
284 297 1712 291 304 1187 
284 297 1749 291 304 1788 
284 297 1750 298 311 1146 298 311 1375 298 311 1631 291 304 1791 
284 297 1751 298 311 1146 298 311 1375 298 311 1631 
284 297 1760 291 304 1208 291 304 1360 
284 297 1767 298 311 1769 291 304 1809 291 304 1810 
284 297 1769 291 304 1815 
284 297 1771 298 311 1769 
284 297 1829 298 311 1024 298 311 1695 
284 297 1835 291 304 1153 291 304 1865 291 304 1868 
284 297 1838 298 311 1260 
284 297 1839 291 304 1139 291 304 1871 
284 297 1856 291 304 1096 291 304 1261 291 304 1785 
284 297 1880 291 304 1318 
284 297 1917 291 304 1948 
277 290 1011 298 311 957 
277 290 1046 284 297 1023 
277 290 1049 284 297 1611 
277 290 1089 284 297 1168 284 297 1838 
277 290 1111 284 297 1703 
277 290 1114 284 297 1074 
277 290 1118 298 311 1059 298 311 1181 
277 290 1133 284 297 1091 
277 290 1138 284 297 1096 
277 290 1192 284 297 1148 
277 290 1196 284 297 1829 284 297 1839 
277 290 1215 284 297 1170 
277 290 1220 298 311 1055 
277 290 1221 298 311 1055 
277 290 1232 284 297 1771 
277 290 1244 284 297 1361 284 297 1713 
277 290 1257 284 297 1346 
277 290 1268 284 297 1454 
277 290 1303 284 297 1067 
277 290 1310 291 304 1346 291 304 1409 291 304 1410 
277 290 1327 284 297 1487 284 297 1549 
277 290 1337 284 297 1278 284 297 1345 
277 290 1403 284 297 1337 
277 290 1410 291 304 1362 
277 290 1412 291 304 1158 291 304 1640 
277 290 1418 291 304 1382 291 304 1430 284 297 1350 
277 290 1512 291 304 1410 291 304 1470 
277 290 1516 291 304 1472 
277 290 1534 284 297 1095 
277 290 1552 284 297 1856 
277 290 1578 284 297 1467 284 297 1471 284 297 1866 
277 290 1579 284 297 1182 284 297 1467 
277 290 1582 284 297 1464 
277 290 1583 284 297 1475 
277 290 1621 284 297 1167 284 297 1522 
277 290 1625 284 297 1528 
277 290 1694 284 297 1637 
277 290 1696 284 297 1635 
277 290 1700 284 297 1338 
277 290 1706 298 311 1535 
277 290 1767 291 304 1305 284 297 1693 
277 290 1768 284 297 1103 
277 290 1769 291 304 1099 291 304 1170 284 297 1450 
277 290 1808 291 304 1099 
277 290 1846 291 304 1805 284 297 1767 
277 290 1848 284 297 1475 284 297 1768 284 297 1771 
277 290 1874 284 297 1345 284 297 1798 
277 290 1901 284 297 1839 
277 290 1904 284 297 1835 
277 290 1923 284 297 1862 
277 290 1928 284 297 1873 
277 290 1948 284 297 1898 
277 290 1961 284 297 1908 
270 283 1080 277 290 1012 277 290 1634 277 290 1852 
270 283 1098 277 290 1036 277 290 1159 
270 283 1108 277 290 1052 
270 283 1120 277 290 1048 
270 283 1187 284 297 1080 
270 283 1189 277 290 1552 
270 283 1215 277 290 1807 
270 283 1218 277 290 1807 277 290 1808 
270 283 1219 284 297 1451 
270 283 1250 277 290 1637 
270 283 1251 277 290 1968 
270 283 1263 277 290 1470 
270 283 1281 277 290 1089 277 290 1320 277 290 1621 
270 283 1285 298 311 1117 277 290 1901 277 290 1904 
270 283 1325 277 290 1768 277 290 1769 
270 283 1326 291 304 1086 
270 283 1348 277 290 1245 
270 283 1444 277 290 1033 277 290 1326 277 290 1328 
270 283 1447 298 311 1233 291 304 1271 
270 283 1453 277 290 1141 277 290 1337 
270 283 1512 277 290 1385 
270 283 1520 277 290 1399 
270 283 1523 277 290 1405 
270 283 1588 291 304 1438 
270 283 1637 284 297 1081 
270 283 1685 277 290 1563 
270 283 1703 291 304 1086 277 290 1925 
270 283 1704 298 311 1735 277 290 1233 277 290 1579 277 290 1582 277 290 1583 277 290 1926 277 290 1928 
270 283 1708 277 290 1033 277 290 1328 
270 283 1811 284 297 1601 284 297 1638 277 290 1696 
270 283 1866 277 290 1767 
270 283 1869 277 290 1230 
270 283 1895 284 297 1081 
270 283 1916 284 297 1751 
270 283 1921 277 290 1515 
270 283 1935 277 290 1846 
270 283 1974 284 297 1808 
270 283 1982 277 290 1894 
270 283 1985 277 290 1324 
270 283 1994 298 311 1259 
270 283 1995 277 290 1090 277 290 1196 
270 283 2000 298 311 1263 277 290 1089 277 290 1090 277 290 1320 
270 283 2001 291 304 1138 277 290 1085 
270 283 2009 284 297 1852 
263 276 1114 291 304 997 
263 276 1129 270 283 1532 
263 276 1154 277 290 1046 
263 276 1168 284 297 1050 284 297 1150 284 297 1533 284 297 1534 284 297 1834 
263 276 1204 284 297 1150 270 283 1281 270 283 2000 
263 276 1216 270 283 1182 
263 276 1230 270 283 1198 
263 276 1243 270 283 1214 
263 276 1244 270 283 1218 270 283 1322 270 283 1325 270 283 1869 
263 276 1245 270 283 1668 270 283 2016 
263 276 1246 277 290 1915 
263 276 1247 277 290 1915 270 283 1219 270 283 1869 
263 276 1300 270 283 1285 
263 276 1301 270 283 2001 
263 276 1317 284 297 1374 277 290 1397 277 290 1412 
263 276 1320 277 290 1220 270 283 1418 
263 276 1333 270 283 1319 
263 276 1338 270 283 1704 
263 276 1340 270 283 1532 
263 276 1363 270 283 1106 270 283 1362 270 283 1817 270 283 1829 
263 276 1378 270 283 1250 
263 276 1390 270 283 1685 
263 276 1400 270 283 1412 270 283 1785 
263 276 1417 277 290 1303 
263 276 1435 291 304 1272 270 283 1445 
263 276 1438 284 297 1262 270 283 1141 
263 276 1444 277 290 1418 270 283 1453 
263 276 1463 277 290 1173 
263 276 1466 270 283 1467 
263 276 1467 284 297 1291 
263 276 1485 270 283 1491 270 283 1636 
263 276 1546 277 290 1421 
263 276 1557 277 290 1173 
263 276 1617 277 290 1192 
263 276 1619 277 290 1192 
263 276 1631 291 304 1745 
263 276 1673 270 283 1483 
263 276 1680 270 283 1323 
263 276 1683 270 283 1219 270 283 1665 270 283 2017 
263 276 1695 277 290 1559 
263 276 1702 270 283 1685 
263 276 1724 270 283 1703 
263 276 1741 291 304 1038 284 297 1038 277 290 1589 
263 276 1747 291 304 1552 284 297 1495 
263 276 1756 270 283 1919 
263 276 1849 277 290 1694 
263 276 1891 270 283 1866 
263 276 1897 270 283 1323 270 283 1668 
263 276 1914 270 283 1491 
263 276 1916 277 290 1794 
263 276 1932 270 283 2050 
263 276 1968 270 283 1417 
263 276 1970 270 283 1936 
263 276 1993 270 283 1090 270 283 1743 270 283 1942 
263 276 1999 270 283 1319 
263 276 2034 270 283 1447 270 283 1449 270 283 1985 
263 276 2048 270 283 1993 
263 276 2053 270 283 1275 270 283 1988 270 283 1995 270 283 2001 
263 276 2054 270 283 2000 
263 276 2064 270 283 1240 270 283 1434 270 283 2012 
263 276 2065 270 283 1434 270 283 2011 
263 276 2066 270 283 2017 
263 276 2082 270 283 1703 
256 269 1099 263 276 1639 
256 269 1107 263 276 1849 
256 269 1138 263 276 1740 
256 269 1158 263 276 1203 263 276 1204 
256 269 1175 263 276 1849 
256 269 1187 277 290 1923 270 283 1199 263 276 1230 263 276 2065 
256 269 1192 263 276 1237 
256 269 1193 277 290 1138 
256 269 1194 263 276 1235 
256 269 1199 263 276 1234 263 276 1241 
256 269 1210 263 276 1512 263 276 1678 
256 269 1230 277 290 1181 277 290 1651 270 283 1512 
256 269 1238 263 276 1259 
256 269 1253 263 276 1578 
256 269 1277 277 290 1181 
256 269 1298 277 290 1221 
256 269 1332 298 311 1177 277 290 1268 
256 269 1345 263 276 1165 
256 269 1360 263 276 1807 
256 269 1374 263 276 1438 263 276 2034 
256 269 1386 263 276 1444 
256 269 1450 263 276 1506 
256 269 1454 263 276 1510 
256 269 1492 263 276 1549 
256 269 1507 263 276 1317 
256 269 1541 263 276 1617 263 276 1807 
256 269 1556 277 290 1516 
256 269 1563 277 290 1517 
256 269 1585 270 283 1649 
256 269 1601 270 283 1189 263 276 1244 263 276 1247 
256 269 1608 270 283 1895 263 276 1897 
256 269 1645 284 297 1482 
256 269 1650 263 276 2034 
256 269 1790 284 297 1336 
256 269 1814 291 304 1705 291 304 1762 
256 269 1839 270 283 1215 263 276 1245 
256 269 1840 263 276 1244 263 276 1247 263 276 1816 
256 269 1851 291 304 1763 
256 269 1863 263 276 1680 
256 269 1897 277 290 1845 263 276 1414 263 276 1970 
256 269 1919 263 276 1617 
256 269 1924 291 304 1705 
256 269 1936 270 283 1933 
256 269 1951 291 304 1702 263 276 1871 
256 269 1967 270 283 1098 270 283 1974 
256 269 2002 263 276 2066 
256 269 2004 263 276 1245 263 276 1897 
256 269 2006 263 276 2067 
256 269 2019 263 276 2082 
249 262 1205 305 318 1058 
249 262 1220 263 276 1154 
249 262 1225 284 297 1026 
249 262 1245 270 283 1251 
249 262 1292 263 276 1154 
249 262 1298 256 269 1096 
249 262 1305 277 290 1118 
249 262 1318 256 269 1185 256 269 1998 
249 262 1320 256 269 1182 
249 262 1340 256 269 1608 
249 262 1342 270 283 1637 263 276 1682 256 269 2005 
249 262 1358 277 290 1071 277 290 1329 
249 262 1401 263 276 1197 263 276 1300 
249 262 1429 263 276 1467 263 276 1683 
249 262 1449 284 297 1200 
249 262 1486 256 269 1347 
249 262 1491 256 269 1412 
249 262 1537 256 269 1477 
249 262 1564 263 276 1400 
249 262 1648 256 269 1507 
249 262 1706 256 269 1096 
249 262 1751 256 269 1203 
249 262 1761 256 269 1207 256 269 1210 256 269 1840 
249 262 1763 256 269 1203 256 269 1839 
249 262 1772 263 276 1378 
249 262 1774 291 304 1507 
249 262 1783 256 269 1627 
249 262 1791 256 269 1638 
249 262 1826 277 290 1628 
249 262 1842 298 311 1089 
249 262 1854 277 290 1653 
249 262 1856 256 269 1713 
249 262 1915 284 297 1498 270 283 1811 256 269 1776 
249 262 1919 298 311 1523 256 269 1673 
249 262 1924 284 297 1631 
249 262 1942 256 269 1802 
249 262 1981 256 269 1210 256 269 2005 
249 262 2001 263 276 1682 256 269 1601 256 269 1863 
249 262 2002 256 269 1601 256 269 1840 
249 262 2015 270 283 1917 
249 262 2042 270 283 1251 
249 262 2061 284 297 1784 
249 262 2079 256 269 1938 
249 262 2126 263 276 1197 263 276 1292 263 276 2053 
249 262 2129 256 269 1158 
249 262 2131 256 269 1951 
249 262 2132 256 269 1952 
249 262 2182 263 276 1724 
249 262 2199 256 269 2047 
242 255 1180 249 262 1182 
242 255 1191 249 262 1627 249 262 1944 
242 255 1197 277 290 1442 
242 255 1209 249 262 1614 249 262 1919 249 262 1924 
242 255 1216 249 262 1223 
242 255 1236 249 262 1245 
242 255 1243 249 262 1256 
242 255 1248 284 297 1318 249 262 1651 
242 255 1257 249 262 2129 
242 255 1297 291 304 1082 249 262 1428 249 262 1429 249 262 1490 249 262 2002 249 262 2137 
242 255 1316 249 262 1999 
242 255 1317 249 262 1342 249 262 2001 
242 255 1344 256 269 1187 
242 255 1350 263 276 1741 
242 255 1369 249 262 2126 
242 255 1370 249 262 1401 249 262 1521 
242 255 1403 270 283 1318 
242 255 1429 256 269 1332 
242 255 1432 270 283 1367 
242 255 1442 249 262 1474 
242 255 1452 249 262 1564 
242 255 1504 298 311 1253 263 276 1891 256 269 1685 
242 255 1567 256 269 1474 
242 255 1575 249 262 2012 
242 255 1609 284 297 1162 277 290 1246 
242 255 1674 249 262 1780 
242 255 1678 249 262 2164 
242 255 1688 249 262 1702 
242 255 1692 249 262 1702 
242 255 1706 249 262 1765 
242 255 1743 249 262 1340 249 262 1757 249 262 1763 
242 255 1791 263 276 1747 
242 255 1798 249 262 1982 
242 255 1822 249 262 1854 
242 255 1831 249 262 1874 249 262 2154 
242 255 1862 249 262 1358 249 262 1907 
242 255 1913 249 262 1972 
242 255 1949 249 262 2012 249 262 2170 
242 255 1999 249 262 2078 
242 255 2011 284 297 1089 
242 255 2021 256 269 2002 249 262 1761 249 262 1789 249 262 1981 249 262 2099 
242 255 2041 291 304 1522 
242 255 2049 249 262 2131 
242 255 2050 249 262 1521 
242 255 2052 263 276 2054 
242 255 2070 256 269 1186 249 262 1373 
242 255 2103 277 290 1580 
242 255 2106 263 276 1337 249 262 2182 
242 255 2111 284 297 1109 284 297 1207 
235 248 66 242 255 1212 242 255 1213 
235 248 110 291 304 1036 
235 248 158 242 255 1926 
235 248 183 242 255 1283 
235 248 200 242 255 1295 
235 248 240 277 290 1534 
235 248 241 256 269 1585 
235 248 311 242 255 1332 
235 248 319 242 255 2060 
235 248 327 242 255 1344 242 255 2070 
235 248 334 242 255 1354 
235 248 350 242 255 1637 
235 248 380 242 255 1369 242 255 2047 242 255 2050 242 255 2052 
235 248 392 242 255 1197 
235 248 410 242 255 1926 
235 248 429 242 255 1392 
235 248 433 263 276 1320 
235 248 449 242 255 1297 242 255 1403 
235 248 459 277 290 1234 242 255 1408 242 255 2106 
235 248 547 242 255 2021 
235 248 551 242 255 1429 
235 248 623 284 297 1232 256 269 1345 
235 248 626 242 255 1452 
235 248 627 242 255 1297 242 255 2021 
235 248 657 242 255 1320 
235 248 696 277 290 1570 256 269 1650 
235 248 708 263 276 1556 263 276 1557 
235 248 755 242 255 1320 
235 248 760 242 255 1504 
235 248 775 270 283 1994 
235 248 881 242 255 1914 
235 248 896 242 255 1949 
235 248 920 242 255 1585 
235 248 946 270 283 1809 256 269 1778 242 255 1209 242 255 1602 
235 248 977 242 255 1617 
235 248 980 242 255 1354 242 255 1912 
235 248 1099 298 311 1370 
235 248 1119 270 283 1381 
235 248 1142 298 311 1379 298 311 1380 
228 241 1069 235 248 138 
228 241 1075 256 269 1128 
228 241 1126 256 269 1295 
228 241 1143 235 248 240 
228 241 1198 256 269 1897 
228 241 1206 256 269 1298 256 269 1936 
228 241 1210 256 269 1298 
228 241 1218 263 276 1343 
228 241 1226 235 248 512 
228 241 1256 242 255 1445 
228 241 1322 235 248 856 
228 241 1328 235 248 308 235 248 760 
228 241 1414 256 269 1386 
228 241 1418 235 248 946 
228 241 1437 284 297 1366 
228 241 1464 235 248 814 235 248 1026 
228 241 1531 235 248 1119 
228 241 1617 284 297 1750 
228 241 1629 249 262 1831 
228 241 1636 291 304 1594 
228 241 1664 263 276 1815 
228 241 1678 298 311 1193 
228 241 1688 235 248 182 235 248 943 235 248 946 
228 241 1696 242 255 1210 242 255 1881 
228 241 1741 242 255 1740 
228 241 1758 249 262 2015 
228 241 1774 298 311 1640 
228 241 1837 263 276 1309 242 255 1370 235 248 380 
228 241 1870 291 304 1892 249 262 1873 
228 241 1878 242 255 1509 
221 234 1139 242 255 1575 235 248 896 
221 234 1143 228 241 1118 
221 234 1146 228 241 1069 
221 234 1150 284 297 1036 
221 234 1153 228 241 1081 
221 234 1154 284 297 1036 
221 234 1158 270 283 1263 
221 234 1169 270 283 1464 
221 234 1171 228 241 1387 228 241 1729 
221 234 1172 228 241 1099 
221 234 1181 228 241 1107 
221 234 1213 228 241 1131 
221 234 1220 228 241 1072 
221 234 1221 256 269 1188 256 269 1264 256 269 1592 256 269 1762 256 269 2020 228 241 1139 
221 234 1226 284 297 1493 
221 234 1242 228 241 1494 
221 234 1253 228 241 1081 
221 234 1268 228 241 1426 
221 234 1275 256 269 1357 228 241 1744 228 241 1832 
221 234 1279 249 262 1403 
221 234 1281 249 262 1278 
221 234 1329 249 262 1445 
221 234 1350 235 248 626 
221 234 1353 228 241 1267 
221 234 1356 228 241 1664 
221 234 1366 263 276 1411 
221 234 1374 270 283 1371 235 248 755 235 248 874 
221 234 1390 242 255 1248 242 255 1680 242 255 1862 
221 234 1393 228 241 1311 228 241 1414 228 241 1704 
221 234 1415 228 241 1328 
221 234 1422 270 283 1478 
221 234 1423 242 255 1514 
221 234 1431 228 241 1343 
221 234 1473 228 241 1125 
221 234 1527 228 241 1072 
221 234 1600 228 241 1803 
221 234 1609 235 248 433 228 241 1125 
221 234 1628 249 262 1486 
221 234 1634 235 248 449 228 241 1565 228 241 1741 
221 234 1676 242 255 1248 242 255 1501 242 255 1680 242 255 1766 242 255 1862 242 255 1863 242 255 1940 
221 234 1677 235 248 696 
221 234 1706 228 241 1626 
221 234 1726 242 255 1798 
221 234 1748 291 304 1610 
221 234 1760 228 241 1668 
221 234 1787 228 241 1680 
221 234 1799 249 262 1915 
221 234 1822 235 248 696 
221 234 1831 228 241 1557 228 241 1711 
221 234 1871 249 262 1764 228 241 1564 
221 234 1913 228 241 1802 
221 234 1924 228 241 1727 
221 234 1940 228 241 1817 
221 234 1960 228 241 1836 
221 234 1962 242 255 1257 
221 234 1966 228 241 1837 
214 227 1262 270 283 1089 
214 227 1263 256 269 1230 
214 227 1343 242 255 2077 
214 227 1350 221 234 1146 221 234 1171 221 234 1415 
214 227 1356 242 255 1822 
214 227 1368 242 255 1191 
214 227 1391 242 255 1191 235 248 334 235 248 708 235 248 879 
214 227 1405 228 241 1178 221 234 1172 
214 227 1409 221 234 1172 221 234 1281 221 234 1965 
214 227 1410 221 234 1173 221 234 1279 221 234 1962 221 234 1966 
214 227 1424 221 234 1139 
214 227 1426 221 234 1676 
214 227 1429 228 241 1542 
214 227 1467 291 304 1217 242 255 1432 
214 227 1468 270 283 1366 235 248 551 
214 227 1554 221 234 1382 
214 227 1572 221 234 1169 221 234 1374 221 234 1840 
214 227 1576 235 248 775 228 241 1334 221 234 1422 
214 227 1591 221 234 1947 
214 227 1614 277 290 1377 
214 227 1639 277 290 1395 249 262 1647 249 262 1648 221 234 1139 221 234 1531 
214 227 1662 221 234 1393 
214 227 1694 221 234 1292 
214 227 1752 221 234 1604 
214 227 1753 221 234 1607 
214 227 1754 221 234 2017 
214 227 1792 221 234 1173 221 234 1640 
214 227 1794 228 241 1576 
214 227 1811 221 234 1676 
214 227 1821 249 262 1842 
214 227 1825 221 234 1947 
214 227 1864 221 234 1374 
214 227 1873 235 248 756 
214 227 1882 221 234 1748 221 234 1957 
214 227 1894 221 234 1350 
214 227 1905 228 241 1801 221 234 1337 221 234 1378 221 234 1426 221 234 1442 221 234 1599 221 234 1600 221 234 1601 221 234 1824 221 234 1836 221 234 1913 
214 227 1911 235 248 920 221 234 1463 221 234 1784 
214 227 1914 221 234 1158 
214 227 1938 221 234 1805 
214 227 1960 221 234 1821 
214 227 1965 221 234 1442 221 234 1824 
214 227 1997 221 234 1171 
214 227 2017 221 234 1864 
214 227 2018 256 269 1851 
214 227 2019 221 234 1836 221 234 1913 
214 227 2046 221 234 1849 
214 227 2064 221 234 1292 221 234 1474 221 234 1526 221 234 1608 
214 227 2102 228 241 1811 
214 227 2140 242 255 2049 221 234 1962 
214 227 2159 277 290 1798 228 241 1861 
214 227 2193 221 234 1345 221 234 1608 221 234 2017 
207 220 1127 214 227 1251 
207 220 1128 270 283 1551 263 276 1695 249 262 1467 249 262 1774 235 248 339 221 234 1334 214 227 1468 214 227 1927 
207 220 1133 291 304 1220 284 297 995 284 297 1227 284 297 1588 284 297 1589 284 297 1919 
207 220 1171 214 227 2140 
207 220 1173 221 234 1177 
207 220 1232 235 248 40 235 248 185 
207 220 1260 214 227 1391 
207 220 1279 214 227 2019 
207 220 1295 298 311 1245 
207 220 1300 214 227 1432 
207 220 1356 214 227 2029 
207 220 1364 214 227 1278 214 227 1571 214 227 1632 214 227 1864 214 227 2106 
207 220 1365 214 227 1499 
207 220 1383 214 227 1527 214 227 1905 
207 220 1397 256 269 2015 
207 220 1401 291 304 1344 
207 220 1411 228 241 1209 214 227 1429 
207 220 1424 242 255 1500 
207 220 1434 214 227 1576 
207 220 1442 214 227 1588 214 227 1589 
207 220 1535 221 234 1555 
207 220 1573 214 227 1752 
207 220 1603 221 234 1649 214 227 1794 
207 220 1608 214 227 1795 
207 220 1613 235 248 550 214 227 1467 
207 220 1616 214 227 1905 
207 220 1681 214 227 1878 
207 220 1686 242 255 1694 214 227 1573 
207 220 1700 214 227 1502 214 227 1891 
207 220 1702 214 227 1889 
207 220 1703 214 227 1890 
207 220 1752 214 227 1943 
207 220 1784 242 255 1936 
207 220 1793 214 227 1632 214 227 1864 214 227 2106 
207 220 1808 214 227 2019 
207 220 1850 263 276 1625 242 255 1694 
207 220 1854 214 227 1391 214 227 1873 
207 220 1861 214 227 1998 
207 220 1940 277 290 1198 277 290 1208 
207 220 1942 221 234 1271 
207 220 1950 235 248 327 
207 220 1951 263 276 2060 
207 220 1984 214 227 2187 
200 213 1271 249 262 2132 207 220 1173 
200 213 1289 249 262 1284 
200 213 1296 221 234 1851 
200 213 1297 249 262 1292 
200 213 1301 256 269 1222 256 269 1551 256 269 1858 256 269 1920 
200 213 1319 263 276 1228 
200 213 1349 207 220 1240 
200 213 1350 207 220 1965 
200 213 1376 207 220 1942 
200 213 1378 270 283 1276 
200 213 1415 256 269 1202 228 241 1126 228 241 1563 
200 213 1420 214 227 1652 207 220 1308 
200 213 1448 207 220 1128 207 220 1608 
200 213 1452 207 220 1820 207 220 1997 
200 213 1514 263 276 1435 
200 213 1518 214 227 1639 
200 213 1548 207 220 1356 
200 213 1586 207 220 1401 
200 213 1588 235 248 429 
200 213 1626 207 220 1356 
200 213 1650 221 234 2021 
200 213 1669 242 255 1990 
200 213 1717 214 227 1821 
200 213 1744 207 220 1310 207 220 1439 
200 213 1760 207 220 1678 
200 213 1761 256 269 1723 
200 213 1762 207 220 1690 
200 213 1783 242 255 1831 
200 213 1784 221 234 1221 
200 213 1794 214 227 1639 
200 213 1891 214 227 2107 
200 213 1917 214 227 2051 
200 213 1964 221 234 1634 221 234 1871 214 227 1565 
200 213 1998 207 220 1171 
200 213 2005 221 234 1799 214 227 1936 
200 213 2010 256 269 1240 
200 213 2039 284 297 1867 
200 213 2067 207 220 1308 
200 213 2070 207 220 1533 
